"Plot Title: AV02-S1"
"#","Date Time, GMT-07:00","Temp, °C (LGR S/N: 10574901, SEN S/N: 10574901, LBL: C)","Intensity, Lux (LGR S/N: 10574901, SEN S/N: 10574901, LBL: Lux)","Coupler Attached (LGR S/N: 10574901)","Host Connected (LGR S/N: 10574901)","Stopped (LGR S/N: 10574901)","End Of File (LGR S/N: 10574901)"
1,09/13/18 01:00:00 PM,10.748,4133.4,,,,
2,09/13/18 04:00:00 PM,10.455,968.8,,,,
3,09/13/18 07:00:00 PM,10.259,86.1,,,,
4,09/13/18 10:00:00 PM,9.373,0.0,,,,
5,09/14/18 01:00:00 AM,9.077,0.0,,,,
6,09/14/18 04:00:00 AM,8.481,0.0,,,,
7,09/14/18 07:00:00 AM,8.082,53.8,,,,
8,09/14/18 10:00:00 AM,9.077,1980.6,,,,
9,09/14/18 01:00:00 PM,11.819,3272.2,,,,
10,09/14/18 04:00:00 PM,11.916,764.2,,,,
11,09/14/18 07:00:00 PM,11.236,107.6,,,,
12,09/14/18 10:00:00 PM,9.571,0.0,,,,
13,09/15/18 01:00:00 AM,8.680,0.0,,,,
14,09/15/18 04:00:00 AM,8.779,0.0,,,,
15,09/15/18 07:00:00 AM,7.582,75.3,,,,
16,09/15/18 10:00:00 AM,9.077,5166.7,,,,
17,09/15/18 01:00:00 PM,12.207,4133.4,,,,
18,09/15/18 04:00:00 PM,11.722,1980.6,,,,
19,09/15/18 07:00:00 PM,10.651,161.5,,,,
20,09/15/18 10:00:00 PM,9.472,0.0,,,,
21,09/16/18 01:00:00 AM,8.879,0.0,,,,
22,09/16/18 04:00:00 AM,8.581,0.0,,,,
23,09/16/18 07:00:00 AM,8.282,21.5,,,,
24,09/16/18 10:00:00 AM,8.382,2583.4,,,,
25,09/16/18 01:00:00 PM,9.077,2669.5,,,,
26,09/16/18 04:00:00 PM,9.275,1141.0,,,,
27,09/16/18 07:00:00 PM,8.481,32.3,,,,
28,09/16/18 10:00:00 PM,8.282,0.0,,,,
29,09/17/18 01:00:00 AM,7.682,0.0,,,,
30,09/17/18 04:00:00 AM,6.775,0.0,,,,
31,09/17/18 07:00:00 AM,5.962,64.6,,,,
32,09/17/18 10:00:00 AM,5.244,2497.2,,,,
33,09/17/18 01:00:00 PM,9.472,2755.6,,,,
34,09/17/18 04:00:00 PM,11.041,1345.5,,,,
35,09/17/18 07:00:00 PM,9.669,64.6,,,,
36,09/17/18 10:00:00 PM,9.077,0.0,,,,
37,09/18/18 01:00:00 AM,8.382,0.0,,,,
38,09/18/18 04:00:00 AM,6.775,0.0,,,,
39,09/18/18 07:00:00 AM,5.037,64.6,,,,
40,09/18/18 10:00:00 AM,5.037,2411.1,,,,
41,09/18/18 01:00:00 PM,11.041,2411.1,,,,
42,09/18/18 04:00:00 PM,12.401,1162.5,,,,
43,09/18/18 07:00:00 PM,10.846,43.1,,,,
44,09/18/18 10:00:00 PM,9.669,0.0,,,,
45,09/19/18 01:00:00 AM,7.983,0.0,,,,
46,09/19/18 04:00:00 AM,7.682,0.0,,,,
47,09/19/18 07:00:00 AM,7.882,21.5,,,,
48,09/19/18 10:00:00 AM,8.978,1259.4,,,,
49,09/19/18 01:00:00 PM,11.041,2669.5,,,,
50,09/19/18 04:00:00 PM,13.076,3272.2,,,,
51,09/19/18 07:00:00 PM,11.334,21.5,,,,
52,09/19/18 10:00:00 PM,9.866,0.0,,,,
53,09/20/18 01:00:00 AM,9.472,0.0,,,,
54,09/20/18 04:00:00 AM,8.382,0.0,,,,
55,09/20/18 07:00:00 AM,7.882,10.8,,,,
56,09/20/18 10:00:00 AM,9.077,2669.5,,,,
57,09/20/18 01:00:00 PM,10.944,3788.9,,,,
58,09/20/18 04:00:00 PM,12.497,2066.7,,,,
59,09/20/18 07:00:00 PM,11.236,10.8,,,,
60,09/20/18 10:00:00 PM,10.553,0.0,,,,
61,09/21/18 01:00:00 AM,10.063,0.0,,,,
62,09/21/18 04:00:00 AM,9.472,0.0,,,,
63,09/21/18 07:00:00 AM,8.082,43.1,,,,
64,09/21/18 10:00:00 AM,8.382,2238.9,,,,
65,09/21/18 01:00:00 PM,13.269,2755.6,,,,
66,09/21/18 04:00:00 PM,13.942,1194.8,,,,
67,09/21/18 07:00:00 PM,12.980,32.3,,,,
68,09/21/18 10:00:00 PM,12.013,0.0,,,,
69,09/22/18 01:00:00 AM,11.236,0.0,,,,
70,09/22/18 04:00:00 AM,10.357,0.0,,,,
71,09/22/18 07:00:00 AM,9.768,0.0,,,,
72,09/22/18 10:00:00 AM,10.357,1808.3,,,,
73,09/22/18 01:00:00 PM,11.431,1980.6,,,,
74,09/22/18 04:00:00 PM,11.431,1076.4,,,,
75,09/22/18 07:00:00 PM,10.063,10.8,,,,
76,09/22/18 10:00:00 PM,8.879,0.0,,,,
77,09/23/18 01:00:00 AM,7.983,0.0,,,,
78,09/23/18 04:00:00 AM,7.381,0.0,,,,
79,09/23/18 07:00:00 AM,6.573,21.5,,,,
80,09/23/18 10:00:00 AM,7.280,2066.7,,,,
81,09/23/18 01:00:00 PM,9.077,3100.0,,,,
82,09/23/18 04:00:00 PM,9.472,1722.2,,,,
83,09/23/18 07:00:00 PM,8.282,10.8,,,,
84,09/23/18 10:00:00 PM,5.860,0.0,,,,
85,09/24/18 01:00:00 AM,4.311,0.0,,,,
86,09/24/18 04:00:00 AM,3.472,0.0,,,,
87,09/24/18 07:00:00 AM,2.730,21.5,,,,
88,09/24/18 10:00:00 AM,3.049,828.8,,,,
89,09/24/18 01:00:00 PM,8.879,1980.6,,,,
90,09/24/18 04:00:00 PM,10.846,775.0,,,,
91,09/24/18 07:00:00 PM,9.373,10.8,,,,
92,09/24/18 10:00:00 PM,7.481,0.0,,,,
93,09/25/18 01:00:00 AM,5.757,0.0,,,,
94,09/25/18 04:00:00 AM,4.727,0.0,,,,
95,09/25/18 07:00:00 AM,4.102,21.5,,,,
96,09/25/18 10:00:00 AM,4.623,645.8,,,,
97,09/25/18 01:00:00 PM,10.651,2066.7,,,,
98,09/25/18 04:00:00 PM,12.304,785.8,,,,
99,09/25/18 07:00:00 PM,10.161,10.8,,,,
100,09/25/18 10:00:00 PM,8.282,0.0,,,,
101,09/26/18 01:00:00 AM,7.179,0.0,,,,
102,09/26/18 04:00:00 AM,6.573,0.0,,,,
103,09/26/18 07:00:00 AM,5.860,10.8,,,,
104,09/26/18 10:00:00 AM,5.962,376.7,,,,
105,09/26/18 01:00:00 PM,12.497,2066.7,,,,
106,09/26/18 04:00:00 PM,14.038,775.0,,,,
107,09/26/18 07:00:00 PM,11.916,10.8,,,,
108,09/26/18 10:00:00 PM,9.965,0.0,,,,
109,09/27/18 01:00:00 AM,8.779,0.0,,,,
110,09/27/18 04:00:00 AM,8.182,0.0,,,,
111,09/27/18 07:00:00 AM,7.882,10.8,,,,
112,09/27/18 10:00:00 AM,8.382,290.6,,,,
113,09/27/18 01:00:00 PM,14.613,2066.7,,,,
114,09/27/18 04:00:00 PM,16.427,753.5,,,,
115,09/27/18 07:00:00 PM,14.230,10.8,,,,
116,09/27/18 10:00:00 PM,11.916,0.0,,,,
117,09/28/18 01:00:00 AM,10.259,0.0,,,,
118,09/28/18 04:00:00 AM,9.472,0.0,,,,
119,09/28/18 07:00:00 AM,8.779,21.5,,,,
120,09/28/18 10:00:00 AM,8.680,279.9,,,,
121,09/28/18 01:00:00 PM,13.846,1980.6,,,,
122,09/28/18 04:00:00 PM,15.378,742.7,,,,
123,09/28/18 07:00:00 PM,13.173,0.0,,,,
124,09/28/18 10:00:00 PM,11.236,0.0,,,,
125,09/29/18 01:00:00 AM,9.866,0.0,,,,
126,09/29/18 04:00:00 AM,8.978,0.0,,,,
127,09/29/18 07:00:00 AM,8.182,10.8,,,,
128,09/29/18 10:00:00 AM,8.382,516.7,,,,
129,09/29/18 01:00:00 PM,12.883,3100.0,,,,
130,09/29/18 04:00:00 PM,14.134,1313.2,,,,
131,09/29/18 07:00:00 PM,12.304,0.0,,,,
132,09/29/18 10:00:00 PM,10.944,0.0,,,,
133,09/30/18 01:00:00 AM,9.275,0.0,,,,
134,09/30/18 04:00:00 AM,7.481,0.0,,,,
135,09/30/18 07:00:00 AM,6.370,0.0,,,,
136,09/30/18 10:00:00 AM,7.582,1980.6,,,,
137,09/30/18 01:00:00 PM,8.978,1087.2,,,,
138,09/30/18 04:00:00 PM,9.866,1044.1,,,,
139,09/30/18 07:00:00 PM,9.373,0.0,,,,
140,09/30/18 10:00:00 PM,9.077,0.0,,,,
141,10/01/18 01:00:00 AM,8.879,0.0,,,,
142,10/01/18 04:00:00 AM,9.077,0.0,,,,
143,10/01/18 07:00:00 AM,8.879,0.0,,,,
144,10/01/18 10:00:00 AM,9.373,441.3,,,,
145,10/01/18 01:00:00 PM,10.455,1894.5,,,,
146,10/01/18 04:00:00 PM,10.944,236.8,,,,
147,10/01/18 07:00:00 PM,10.553,0.0,,,,
148,10/01/18 10:00:00 PM,10.553,0.0,,,,
149,10/02/18 01:00:00 AM,10.455,0.0,,,,
150,10/02/18 04:00:00 AM,10.161,0.0,,,,
151,10/02/18 07:00:00 AM,9.275,0.0,,,,
152,10/02/18 10:00:00 AM,9.275,613.5,,,,
153,10/02/18 01:00:00 PM,10.553,4994.5,,,,
154,10/02/18 04:00:00 PM,8.978,1463.9,,,,
155,10/02/18 07:00:00 PM,7.381,0.0,,,,
156,10/02/18 10:00:00 PM,6.064,0.0,,,,
157,10/03/18 01:00:00 AM,4.311,0.0,,,,
158,10/03/18 04:00:00 AM,3.578,0.0,,,,
159,10/03/18 07:00:00 AM,1.980,10.8,,,,
160,10/03/18 10:00:00 AM,2.088,1065.6,,,,
161,10/03/18 01:00:00 PM,7.179,2497.2,,,,
162,10/03/18 04:00:00 PM,8.978,1808.3,,,,
163,10/03/18 07:00:00 PM,7.481,0.0,,,,
164,10/03/18 10:00:00 PM,6.166,0.0,,,,
165,10/04/18 01:00:00 AM,5.552,0.0,,,,
166,10/04/18 04:00:00 AM,4.415,0.0,,,,
167,10/04/18 07:00:00 AM,3.683,0.0,,,,
168,10/04/18 10:00:00 AM,4.519,1550.0,,,,
169,10/04/18 01:00:00 PM,7.582,1108.7,,,,
170,10/04/18 04:00:00 PM,8.779,1248.6,,,,
171,10/04/18 07:00:00 PM,7.481,0.0,,,,
172,10/04/18 10:00:00 PM,6.775,0.0,,,,
173,10/05/18 01:00:00 AM,5.860,0.0,,,,
174,10/05/18 04:00:00 AM,4.934,0.0,,,,
175,10/05/18 07:00:00 AM,4.415,0.0,,,,
176,10/05/18 10:00:00 AM,5.244,990.3,,,,
177,10/05/18 01:00:00 PM,5.655,1259.4,,,,
178,10/05/18 04:00:00 PM,4.415,731.9,,,,
179,10/05/18 07:00:00 PM,4.102,0.0,,,,
180,10/05/18 10:00:00 PM,4.207,0.0,,,,
181,10/06/18 01:00:00 AM,4.519,0.0,,,,
182,10/06/18 04:00:00 AM,4.519,0.0,,,,
183,10/06/18 07:00:00 AM,4.415,0.0,,,,
184,10/06/18 10:00:00 AM,5.552,516.7,,,,
185,10/06/18 01:00:00 PM,7.983,2325.0,,,,
186,10/06/18 04:00:00 PM,7.983,624.3,,,,
187,10/06/18 07:00:00 PM,6.877,0.0,,,,
188,10/06/18 10:00:00 PM,4.934,0.0,,,,
189,10/07/18 01:00:00 AM,3.788,0.0,,,,
190,10/07/18 04:00:00 AM,3.367,0.0,,,,
191,10/07/18 07:00:00 AM,3.472,0.0,,,,
192,10/07/18 10:00:00 AM,4.934,1162.5,,,,
193,10/07/18 01:00:00 PM,7.179,1894.5,,,,
194,10/07/18 04:00:00 PM,8.182,1463.9,,,,
195,10/07/18 07:00:00 PM,7.280,0.0,,,,
196,10/07/18 10:00:00 PM,6.674,0.0,,,,
197,10/08/18 01:00:00 AM,6.573,0.0,,,,
198,10/08/18 04:00:00 AM,6.471,0.0,,,,
199,10/08/18 07:00:00 AM,6.471,0.0,,,,
200,10/08/18 10:00:00 AM,7.280,1463.9,,,,
201,10/08/18 01:00:00 PM,8.978,2497.2,,,,
202,10/08/18 04:00:00 PM,8.978,893.4,,,,
203,10/08/18 07:00:00 PM,8.680,0.0,,,,
204,10/08/18 10:00:00 PM,8.581,0.0,,,,
205,10/09/18 01:00:00 AM,8.481,0.0,,,,
206,10/09/18 04:00:00 AM,7.983,0.0,,,,
207,10/09/18 07:00:00 AM,7.079,0.0,,,,
208,10/09/18 10:00:00 AM,8.182,2238.9,,,,
209,10/09/18 01:00:00 PM,9.077,2755.6,,,,
210,10/09/18 04:00:00 PM,9.176,936.5,,,,
211,10/09/18 07:00:00 PM,8.481,0.0,,,,
212,10/09/18 10:00:00 PM,7.782,0.0,,,,
213,10/10/18 01:00:00 AM,6.877,0.0,,,,
214,10/10/18 04:00:00 AM,6.573,0.0,,,,
215,10/10/18 07:00:00 AM,6.268,0.0,,,,
216,10/10/18 10:00:00 AM,7.179,1377.8,,,,
217,10/10/18 01:00:00 PM,8.779,1377.8,,,,
218,10/10/18 04:00:00 PM,8.779,505.9,,,,
219,10/10/18 07:00:00 PM,7.280,0.0,,,,
220,10/10/18 10:00:00 PM,5.655,0.0,,,,
221,10/11/18 01:00:00 AM,4.519,0.0,,,,
222,10/11/18 04:00:00 AM,3.788,0.0,,,,
223,10/11/18 07:00:00 AM,3.049,0.0,,,,
224,10/11/18 10:00:00 AM,2.730,118.4,,,,
225,10/11/18 01:00:00 PM,6.573,1270.1,,,,
226,10/11/18 04:00:00 PM,7.682,484.4,,,,
227,10/11/18 07:00:00 PM,6.573,0.0,,,,
228,10/11/18 10:00:00 PM,5.450,0.0,,,,
229,10/12/18 01:00:00 AM,4.519,0.0,,,,
230,10/12/18 04:00:00 AM,3.788,0.0,,,,
231,10/12/18 07:00:00 AM,3.155,0.0,,,,
232,10/12/18 10:00:00 AM,3.155,129.2,,,,
233,10/12/18 01:00:00 PM,7.983,1302.4,,,,
234,10/12/18 04:00:00 PM,8.978,505.9,,,,
235,10/12/18 07:00:00 PM,7.782,0.0,,,,
236,10/12/18 10:00:00 PM,6.064,0.0,,,,
237,10/13/18 01:00:00 AM,5.141,0.0,,,,
238,10/13/18 04:00:00 AM,3.261,0.0,,,,
239,10/13/18 07:00:00 AM,2.088,0.0,,,,
240,10/13/18 10:00:00 AM,2.088,118.4,,,,
241,10/13/18 01:00:00 PM,6.674,1280.9,,,,
242,10/13/18 04:00:00 PM,7.782,516.7,,,,
243,10/13/18 07:00:00 PM,6.064,0.0,,,,
244,10/13/18 10:00:00 PM,4.311,0.0,,,,
245,10/14/18 01:00:00 AM,2.837,0.0,,,,
246,10/14/18 04:00:00 AM,1.656,0.0,,,,
247,10/14/18 07:00:00 AM,0.893,0.0,,,,
248,10/14/18 10:00:00 AM,1.003,107.6,,,,
249,10/14/18 01:00:00 PM,5.450,1345.5,,,,
250,10/14/18 04:00:00 PM,6.775,527.4,,,,
251,10/14/18 07:00:00 PM,4.727,0.0,,,,
252,10/14/18 10:00:00 PM,3.367,0.0,,,,
253,10/15/18 01:00:00 AM,2.730,0.0,,,,
254,10/15/18 04:00:00 AM,2.517,0.0,,,,
255,10/15/18 07:00:00 AM,3.155,0.0,,,,
256,10/15/18 10:00:00 AM,3.788,172.2,,,,
257,10/15/18 01:00:00 PM,8.879,1280.9,,,,
258,10/15/18 04:00:00 PM,10.161,538.2,,,,
259,10/15/18 07:00:00 PM,7.882,0.0,,,,
260,10/15/18 10:00:00 PM,6.370,0.0,,,,
261,10/16/18 01:00:00 AM,5.552,0.0,,,,
262,10/16/18 04:00:00 AM,4.934,0.0,,,,
263,10/16/18 07:00:00 AM,4.415,0.0,,,,
264,10/16/18 10:00:00 AM,4.519,118.4,,,,
265,10/16/18 01:00:00 PM,9.373,1334.7,,,,
266,10/16/18 04:00:00 PM,10.455,592.0,,,,
267,10/16/18 07:00:00 PM,7.782,0.0,,,,
268,10/16/18 10:00:00 PM,5.962,0.0,,,,
269,10/17/18 01:00:00 AM,4.934,0.0,,,,
270,10/17/18 04:00:00 AM,4.207,0.0,,,,
271,10/17/18 07:00:00 AM,3.472,0.0,,,,
272,10/17/18 10:00:00 AM,3.472,161.5,,,,
273,10/17/18 01:00:00 PM,8.581,1324.0,,,,
274,10/17/18 04:00:00 PM,10.063,624.3,,,,
275,10/17/18 07:00:00 PM,7.582,0.0,,,,
276,10/17/18 10:00:00 PM,6.064,0.0,,,,
277,10/18/18 01:00:00 AM,5.244,0.0,,,,
278,10/18/18 04:00:00 AM,4.415,0.0,,,,
279,10/18/18 07:00:00 AM,3.683,0.0,,,,
280,10/18/18 10:00:00 AM,4.415,226.0,,,,
281,10/18/18 01:00:00 PM,9.077,1377.8,,,,
282,10/18/18 04:00:00 PM,10.553,678.1,,,,
283,10/18/18 07:00:00 PM,8.182,0.0,,,,
284,10/18/18 10:00:00 PM,6.471,0.0,,,,
285,10/19/18 01:00:00 AM,5.244,0.0,,,,
286,10/19/18 04:00:00 AM,4.519,0.0,,,,
287,10/19/18 07:00:00 AM,4.207,0.0,,,,
288,10/19/18 10:00:00 AM,4.311,161.5,,,,
289,10/19/18 01:00:00 PM,9.275,1324.0,,,,
290,10/19/18 04:00:00 PM,10.553,624.3,,,,
291,10/19/18 07:00:00 PM,7.782,0.0,,,,
292,10/19/18 10:00:00 PM,6.370,0.0,,,,
293,10/20/18 01:00:00 AM,5.450,0.0,,,,
294,10/20/18 04:00:00 AM,4.934,0.0,,,,
295,10/20/18 07:00:00 AM,4.311,0.0,,,,
296,10/20/18 10:00:00 AM,4.311,129.2,,,,
297,10/20/18 01:00:00 PM,9.472,1377.8,,,,
298,10/20/18 04:00:00 PM,10.846,667.4,,,,
299,10/20/18 07:00:00 PM,7.882,0.0,,,,
300,10/20/18 10:00:00 PM,6.268,0.0,,,,
301,10/21/18 01:00:00 AM,5.552,0.0,,,,
302,10/21/18 04:00:00 AM,5.037,0.0,,,,
303,10/21/18 07:00:00 AM,4.519,0.0,,,,
304,10/21/18 10:00:00 AM,4.623,183.0,,,,
305,10/21/18 01:00:00 PM,9.669,1377.8,,,,
306,10/21/18 04:00:00 PM,11.334,656.6,,,,
307,10/21/18 07:00:00 PM,8.382,0.0,,,,
308,10/21/18 10:00:00 PM,6.775,0.0,,,,
309,10/22/18 01:00:00 AM,5.962,0.0,,,,
310,10/22/18 04:00:00 AM,5.347,0.0,,,,
311,10/22/18 07:00:00 AM,4.831,0.0,,,,
312,10/22/18 10:00:00 AM,4.934,247.6,,,,
313,10/22/18 01:00:00 PM,9.571,1377.8,,,,
314,10/22/18 04:00:00 PM,11.041,635.1,,,,
315,10/22/18 07:00:00 PM,8.581,0.0,,,,
316,10/22/18 10:00:00 PM,7.079,0.0,,,,
317,10/23/18 01:00:00 AM,6.064,0.0,,,,
318,10/23/18 04:00:00 AM,5.450,0.0,,,,
319,10/23/18 07:00:00 AM,4.934,0.0,,,,
320,10/23/18 10:00:00 AM,5.141,419.8,,,,
321,10/23/18 01:00:00 PM,9.866,1636.1,,,,
322,10/23/18 04:00:00 PM,9.768,796.5,,,,
323,10/23/18 07:00:00 PM,8.481,0.0,,,,
324,10/23/18 10:00:00 PM,7.882,0.0,,,,
325,10/24/18 01:00:00 AM,7.381,0.0,,,,
326,10/24/18 04:00:00 AM,6.877,0.0,,,,
327,10/24/18 07:00:00 AM,6.674,0.0,,,,
328,10/24/18 10:00:00 AM,7.280,1054.9,,,,
329,10/24/18 01:00:00 PM,8.581,1980.6,,,,
330,10/24/18 04:00:00 PM,9.077,796.5,,,,
331,10/24/18 07:00:00 PM,7.882,0.0,,,,
332,10/24/18 10:00:00 PM,6.573,0.0,,,,
333,10/25/18 01:00:00 AM,5.450,0.0,,,,
334,10/25/18 04:00:00 AM,5.141,0.0,,,,
335,10/25/18 07:00:00 AM,5.347,0.0,,,,
336,10/25/18 10:00:00 AM,5.962,538.2,,,,
337,10/25/18 01:00:00 PM,6.877,333.7,,,,
338,10/25/18 04:00:00 PM,7.682,409.0,,,,
339,10/25/18 07:00:00 PM,7.682,0.0,,,,
340,10/25/18 10:00:00 PM,7.582,0.0,,,,
341,10/26/18 01:00:00 AM,7.682,0.0,,,,
342,10/26/18 04:00:00 AM,8.680,0.0,,,,
343,10/26/18 07:00:00 AM,9.176,0.0,,,,
344,10/26/18 10:00:00 AM,9.669,753.5,,,,
345,10/26/18 01:00:00 PM,11.041,2927.8,,,,
346,10/26/18 04:00:00 PM,9.965,861.1,,,,
347,10/26/18 07:00:00 PM,8.779,0.0,,,,
348,10/26/18 10:00:00 PM,8.282,0.0,,,,
349,10/27/18 01:00:00 AM,7.983,0.0,,,,
350,10/27/18 04:00:00 AM,6.064,0.0,,,,
351,10/27/18 07:00:00 AM,4.311,0.0,,,,
352,10/27/18 10:00:00 AM,4.207,1313.2,,,,
353,10/27/18 01:00:00 PM,6.978,990.3,,,,
354,10/27/18 04:00:00 PM,7.782,269.1,,,,
355,10/27/18 07:00:00 PM,7.582,0.0,,,,
356,10/27/18 10:00:00 PM,7.481,0.0,,,,
357,10/28/18 01:00:00 AM,7.582,0.0,,,,
358,10/28/18 04:00:00 AM,7.882,0.0,,,,
359,10/28/18 07:00:00 AM,7.079,0.0,,,,
360,10/28/18 10:00:00 AM,6.978,344.4,,,,
361,10/28/18 01:00:00 PM,7.481,376.7,,,,
362,10/28/18 04:00:00 PM,6.370,333.7,,,,
363,10/28/18 07:00:00 PM,5.757,0.0,,,,
364,10/28/18 10:00:00 PM,5.244,0.0,,,,
365,10/29/18 01:00:00 AM,5.037,0.0,,,,
366,10/29/18 04:00:00 AM,4.831,0.0,,,,
367,10/29/18 07:00:00 AM,4.831,0.0,,,,
368,10/29/18 10:00:00 AM,5.037,204.5,,,,
369,10/29/18 01:00:00 PM,5.655,409.0,,,,
370,10/29/18 04:00:00 PM,5.552,398.3,,,,
371,10/29/18 07:00:00 PM,5.347,0.0,,,,
372,10/29/18 10:00:00 PM,5.450,0.0,,,,
373,10/30/18 01:00:00 AM,5.037,0.0,,,,
374,10/30/18 04:00:00 AM,4.519,0.0,,,,
375,10/30/18 07:00:00 AM,4.207,0.0,,,,
376,10/30/18 10:00:00 AM,4.831,495.1,,,,
377,10/30/18 01:00:00 PM,6.166,592.0,,,,
378,10/30/18 04:00:00 PM,6.471,376.7,,,,
379,10/30/18 07:00:00 PM,5.757,0.0,,,,
380,10/30/18 10:00:00 PM,5.552,0.0,,,,
381,10/31/18 01:00:00 AM,4.519,0.0,,,,
382,10/31/18 04:00:00 AM,3.998,0.0,,,,
383,10/31/18 07:00:00 AM,4.207,0.0,,,,
384,10/31/18 10:00:00 AM,5.037,322.9,,,,
385,10/31/18 01:00:00 PM,6.166,215.3,,,,
386,10/31/18 04:00:00 PM,7.079,290.6,,,,
387,10/31/18 07:00:00 PM,7.179,0.0,,,,
388,10/31/18 10:00:00 PM,7.280,0.0,,,,
389,11/01/18 01:00:00 AM,7.280,0.0,,,,
390,11/01/18 04:00:00 AM,7.280,0.0,,,,
391,11/01/18 07:00:00 AM,7.381,0.0,,,,
392,11/01/18 10:00:00 AM,7.882,64.6,,,,
393,11/01/18 01:00:00 PM,9.965,516.7,,,,
394,11/01/18 04:00:00 PM,9.669,183.0,,,,
395,11/01/18 07:00:00 PM,8.879,0.0,,,,
396,11/01/18 10:00:00 PM,8.581,0.0,,,,
397,11/02/18 01:00:00 AM,8.282,0.0,,,,
398,11/02/18 04:00:00 AM,7.983,0.0,,,,
399,11/02/18 07:00:00 AM,8.182,0.0,,,,
400,11/02/18 10:00:00 AM,7.682,21.5,,,,
401,11/02/18 01:00:00 PM,7.882,183.0,,,,
402,11/02/18 04:00:00 PM,7.882,183.0,,,,
403,11/02/18 07:00:00 PM,6.775,0.0,,,,
404,11/02/18 10:00:00 PM,6.978,0.0,,,,
405,11/03/18 01:00:00 AM,6.978,0.0,,,,
406,11/03/18 04:00:00 AM,6.978,0.0,,,,
407,11/03/18 07:00:00 AM,6.877,0.0,,,,
408,11/03/18 10:00:00 AM,6.877,107.6,,,,
409,11/03/18 01:00:00 PM,7.280,430.6,,,,
410,11/03/18 04:00:00 PM,7.079,236.8,,,,
411,11/03/18 07:00:00 PM,6.775,0.0,,,,
412,11/03/18 10:00:00 PM,6.370,0.0,,,,
413,11/04/18 01:00:00 AM,6.064,0.0,,,,
414,11/04/18 04:00:00 AM,4.934,0.0,,,,
415,11/04/18 07:00:00 AM,5.141,0.0,,,,
416,11/04/18 10:00:00 AM,5.552,376.7,,,,
417,11/04/18 01:00:00 PM,6.674,258.3,,,,
418,11/04/18 04:00:00 PM,6.775,430.6,,,,
419,11/04/18 07:00:00 PM,6.166,0.0,,,,
420,11/04/18 10:00:00 PM,5.962,0.0,,,,
421,11/05/18 01:00:00 AM,5.655,0.0,,,,
422,11/05/18 04:00:00 AM,5.450,0.0,,,,
423,11/05/18 07:00:00 AM,5.244,0.0,,,,
424,11/05/18 10:00:00 AM,5.347,344.4,,,,
425,11/05/18 01:00:00 PM,5.450,107.6,,,,
426,11/05/18 04:00:00 PM,5.655,258.3,,,,
427,11/05/18 07:00:00 PM,4.934,0.0,,,,
428,11/05/18 10:00:00 PM,4.623,0.0,,,,
429,11/06/18 01:00:00 AM,4.519,0.0,,,,
430,11/06/18 04:00:00 AM,4.311,0.0,,,,
431,11/06/18 07:00:00 AM,4.102,0.0,,,,
432,11/06/18 10:00:00 AM,4.102,139.9,,,,
433,11/06/18 01:00:00 PM,4.831,387.5,,,,
434,11/06/18 04:00:00 PM,5.037,107.6,,,,
435,11/06/18 07:00:00 PM,4.102,0.0,,,,
436,11/06/18 10:00:00 PM,3.788,0.0,,,,
437,11/07/18 01:00:00 AM,3.683,0.0,,,,
438,11/07/18 04:00:00 AM,3.261,0.0,,,,
439,11/07/18 07:00:00 AM,2.730,0.0,,,,
440,11/07/18 10:00:00 AM,1.656,21.5,,,,
441,11/07/18 01:00:00 PM,3.472,183.0,,,,
442,11/07/18 04:00:00 PM,3.998,172.2,,,,
443,11/07/18 07:00:00 PM,2.410,0.0,,,,
444,11/07/18 10:00:00 PM,1.221,0.0,,,,
445,11/08/18 01:00:00 AM,0.563,0.0,,,,
446,11/08/18 04:00:00 AM,0.453,0.0,,,,
447,11/08/18 07:00:00 AM,0.010,0.0,,,,
448,11/08/18 10:00:00 AM,0.010,43.1,,,,
449,11/08/18 01:00:00 PM,0.563,398.3,,,,
450,11/08/18 04:00:00 PM,1.003,107.6,,,,
451,11/08/18 07:00:00 PM,0.784,0.0,,,,
452,11/08/18 10:00:00 PM,0.674,0.0,,,,
453,11/09/18 01:00:00 AM,0.453,0.0,,,,
454,11/09/18 04:00:00 AM,0.343,0.0,,,,
455,11/09/18 07:00:00 AM,0.343,0.0,,,,
456,11/09/18 10:00:00 AM,0.563,344.4,,,,
457,11/09/18 01:00:00 PM,1.872,452.1,,,,
458,11/09/18 04:00:00 PM,1.656,269.1,,,,
459,11/09/18 07:00:00 PM,1.656,0.0,,,,
460,11/09/18 10:00:00 PM,1.548,0.0,,,,
461,11/10/18 01:00:00 AM,1.221,0.0,,,,
462,11/10/18 04:00:00 AM,0.563,0.0,,,,
463,11/10/18 07:00:00 AM,0.343,0.0,,,,
464,11/10/18 10:00:00 AM,0.232,21.5,,,,
465,11/10/18 01:00:00 PM,0.893,376.7,,,,
466,11/10/18 04:00:00 PM,1.439,86.1,,,,
467,11/10/18 07:00:00 PM,0.563,0.0,,,,
468,11/10/18 10:00:00 PM,0.343,0.0,,,,
469,11/11/18 01:00:00 AM,0.232,0.0,,,,
470,11/11/18 04:00:00 AM,0.121,0.0,,,,
471,11/11/18 07:00:00 AM,-0.213,0.0,,,,
472,11/11/18 10:00:00 AM,-0.213,64.6,,,,
473,11/11/18 01:00:00 PM,0.343,387.5,,,,
474,11/11/18 04:00:00 PM,0.453,86.1,,,,
475,11/11/18 07:00:00 PM,0.343,0.0,,,,
476,11/11/18 10:00:00 PM,0.232,0.0,,,,
477,11/12/18 01:00:00 AM,0.121,0.0,,,,
478,11/12/18 04:00:00 AM,-0.102,0.0,,,,
479,11/12/18 07:00:00 AM,-0.213,0.0,,,,
480,11/12/18 10:00:00 AM,0.010,419.8,,,,
481,11/12/18 01:00:00 PM,0.563,678.1,,,,
482,11/12/18 04:00:00 PM,1.439,64.6,,,,
483,11/12/18 07:00:00 PM,0.453,0.0,,,,
484,11/12/18 10:00:00 PM,0.343,0.0,,,,
485,11/13/18 01:00:00 AM,0.343,0.0,,,,
486,11/13/18 04:00:00 AM,0.232,0.0,,,,
487,11/13/18 07:00:00 AM,0.343,0.0,,,,
488,11/13/18 10:00:00 AM,0.453,215.3,,,,
489,11/13/18 01:00:00 PM,1.656,409.0,,,,
490,11/13/18 04:00:00 PM,3.049,150.7,,,,
491,11/13/18 07:00:00 PM,1.439,0.0,,,,
492,11/13/18 10:00:00 PM,0.674,0.0,,,,
493,11/14/18 01:00:00 AM,0.674,0.0,,,,
494,11/14/18 04:00:00 AM,1.112,0.0,,,,
495,11/14/18 07:00:00 AM,1.548,0.0,,,,
496,11/14/18 10:00:00 AM,2.303,32.3,,,,
497,11/14/18 01:00:00 PM,2.943,129.2,,,,
498,11/14/18 04:00:00 PM,3.683,53.8,,,,
499,11/14/18 07:00:00 PM,3.998,0.0,,,,
500,11/14/18 10:00:00 PM,4.311,0.0,,,,
501,11/15/18 01:00:00 AM,4.311,0.0,,,,
502,11/15/18 04:00:00 AM,3.998,0.0,,,,
503,11/15/18 07:00:00 AM,3.788,0.0,,,,
504,11/15/18 10:00:00 AM,3.155,86.1,,,,
505,11/15/18 01:00:00 PM,4.207,322.9,,,,
506,11/15/18 04:00:00 PM,5.037,161.5,,,,
507,11/15/18 07:00:00 PM,4.727,0.0,,,,
508,11/15/18 10:00:00 PM,4.415,0.0,,,,
509,11/16/18 01:00:00 AM,4.311,0.0,,,,
510,11/16/18 04:00:00 AM,4.311,0.0,,,,
511,11/16/18 07:00:00 AM,4.311,0.0,,,,
512,11/16/18 10:00:00 AM,4.831,721.2,,,,
513,11/16/18 01:00:00 PM,6.268,538.2,,,,
514,11/16/18 04:00:00 PM,6.674,21.5,,,,
515,11/16/18 07:00:00 PM,4.727,0.0,,,,
516,11/16/18 10:00:00 PM,3.367,0.0,,,,
517,11/17/18 01:00:00 AM,2.410,0.0,,,,
518,11/17/18 04:00:00 AM,1.330,0.0,,,,
519,11/17/18 07:00:00 AM,0.893,0.0,,,,
520,11/17/18 10:00:00 AM,0.674,21.5,,,,
521,11/17/18 01:00:00 PM,1.548,387.5,,,,
522,11/17/18 04:00:00 PM,1.872,75.3,,,,
523,11/17/18 07:00:00 PM,0.784,0.0,,,,
524,11/17/18 10:00:00 PM,0.343,0.0,,,,
525,11/18/18 01:00:00 AM,0.343,0.0,,,,
526,11/18/18 04:00:00 AM,0.010,0.0,,,,
527,11/18/18 07:00:00 AM,-0.325,0.0,,,,
528,11/18/18 10:00:00 AM,-0.437,21.5,,,,
529,11/18/18 01:00:00 PM,0.232,376.7,,,,
530,11/18/18 04:00:00 PM,0.343,64.6,,,,
531,11/18/18 07:00:00 PM,0.343,0.0,,,,
532,11/18/18 10:00:00 PM,0.232,0.0,,,,
533,11/19/18 01:00:00 AM,0.010,0.0,,,,
534,11/19/18 04:00:00 AM,-0.102,0.0,,,,
535,11/19/18 07:00:00 AM,-0.213,0.0,,,,
536,11/19/18 10:00:00 AM,-0.102,21.5,,,,
537,11/19/18 01:00:00 PM,0.343,366.0,,,,
538,11/19/18 04:00:00 PM,0.674,64.6,,,,
539,11/19/18 07:00:00 PM,0.343,0.0,,,,
540,11/19/18 10:00:00 PM,0.232,0.0,,,,
541,11/20/18 01:00:00 AM,0.232,0.0,,,,
542,11/20/18 04:00:00 AM,0.121,0.0,,,,
543,11/20/18 07:00:00 AM,-0.102,0.0,,,,
544,11/20/18 10:00:00 AM,-0.102,21.5,,,,
545,11/20/18 01:00:00 PM,0.343,355.2,,,,
546,11/20/18 04:00:00 PM,1.003,204.5,,,,
547,11/20/18 07:00:00 PM,0.453,0.0,,,,
548,11/20/18 10:00:00 PM,0.453,0.0,,,,
549,11/21/18 01:00:00 AM,0.453,0.0,,,,
550,11/21/18 04:00:00 AM,0.563,0.0,,,,
551,11/21/18 07:00:00 AM,0.784,0.0,,,,
552,11/21/18 10:00:00 AM,1.221,129.2,,,,
553,11/21/18 01:00:00 PM,1.872,139.9,,,,
554,11/21/18 04:00:00 PM,2.410,75.3,,,,
555,11/21/18 07:00:00 PM,2.410,0.0,,,,
556,11/21/18 10:00:00 PM,2.517,0.0,,,,
557,11/22/18 01:00:00 AM,2.624,0.0,,,,
558,11/22/18 04:00:00 AM,2.943,0.0,,,,
559,11/22/18 07:00:00 AM,3.472,0.0,,,,
560,11/22/18 10:00:00 AM,3.367,150.7,,,,
561,11/22/18 01:00:00 PM,4.102,398.3,,,,
562,11/22/18 04:00:00 PM,2.837,43.1,,,,
563,11/22/18 07:00:00 PM,2.624,0.0,,,,
564,11/22/18 10:00:00 PM,2.088,0.0,,,,
565,11/23/18 01:00:00 AM,2.088,0.0,,,,
566,11/23/18 04:00:00 AM,1.656,0.0,,,,
567,11/23/18 07:00:00 AM,1.003,0.0,,,,
568,11/23/18 10:00:00 AM,0.674,75.3,,,,
569,11/23/18 01:00:00 PM,0.343,204.5,,,,
570,11/23/18 04:00:00 PM,0.343,43.1,,,,
571,11/23/18 07:00:00 PM,0.343,0.0,,,,
572,11/23/18 10:00:00 PM,0.232,0.0,,,,
573,11/24/18 01:00:00 AM,0.232,0.0,,,,
574,11/24/18 04:00:00 AM,0.232,0.0,,,,
575,11/24/18 07:00:00 AM,0.232,0.0,,,,
576,11/24/18 10:00:00 AM,0.343,452.1,,,,
577,11/24/18 01:00:00 PM,1.221,699.7,,,,
578,11/24/18 04:00:00 PM,0.893,312.2,,,,
579,11/24/18 07:00:00 PM,0.453,0.0,,,,
580,11/24/18 10:00:00 PM,0.343,0.0,,,,
581,11/25/18 01:00:00 AM,0.232,0.0,,,,
582,11/25/18 04:00:00 AM,0.232,0.0,,,,
583,11/25/18 07:00:00 AM,0.010,0.0,,,,
584,11/25/18 10:00:00 AM,0.010,172.2,,,,
585,11/25/18 01:00:00 PM,0.232,462.9,,,,
586,11/25/18 04:00:00 PM,0.453,387.5,,,,
587,11/25/18 07:00:00 PM,0.343,0.0,,,,
588,11/25/18 10:00:00 PM,0.343,0.0,,,,
589,11/26/18 01:00:00 AM,0.453,0.0,,,,
590,11/26/18 04:00:00 AM,0.563,0.0,,,,
591,11/26/18 07:00:00 AM,0.563,0.0,,,,
592,11/26/18 10:00:00 AM,0.453,32.3,,,,
593,11/26/18 01:00:00 PM,0.784,150.7,,,,
594,11/26/18 04:00:00 PM,1.439,32.3,,,,
595,11/26/18 07:00:00 PM,3.049,0.0,,,,
596,11/26/18 10:00:00 PM,3.261,0.0,,,,
597,11/27/18 01:00:00 AM,3.472,0.0,,,,
598,11/27/18 04:00:00 AM,3.683,0.0,,,,
599,11/27/18 07:00:00 AM,3.578,0.0,,,,
600,11/27/18 10:00:00 AM,4.102,376.7,,,,
601,11/27/18 01:00:00 PM,5.037,441.3,,,,
602,11/27/18 04:00:00 PM,5.244,150.7,,,,
603,11/27/18 07:00:00 PM,4.623,0.0,,,,
604,11/27/18 10:00:00 PM,4.519,0.0,,,,
605,11/28/18 01:00:00 AM,3.683,0.0,,,,
606,11/28/18 04:00:00 AM,2.943,0.0,,,,
607,11/28/18 07:00:00 AM,2.943,0.0,,,,
608,11/28/18 10:00:00 AM,3.049,64.6,,,,
609,11/28/18 01:00:00 PM,3.893,290.6,,,,
610,11/28/18 04:00:00 PM,3.578,43.1,,,,
611,11/28/18 07:00:00 PM,2.624,0.0,,,,
612,11/28/18 10:00:00 PM,2.517,0.0,,,,
613,11/29/18 01:00:00 AM,2.517,0.0,,,,
614,11/29/18 04:00:00 AM,2.517,0.0,,,,
615,11/29/18 07:00:00 AM,1.656,0.0,,,,
616,11/29/18 10:00:00 AM,1.439,387.5,,,,
617,11/29/18 01:00:00 PM,2.943,731.9,,,,
618,11/29/18 04:00:00 PM,3.367,150.7,,,,
619,11/29/18 07:00:00 PM,2.195,0.0,,,,
620,11/29/18 10:00:00 PM,2.195,0.0,,,,
621,11/30/18 01:00:00 AM,2.195,0.0,,,,
622,11/30/18 04:00:00 AM,1.221,0.0,,,,
623,11/30/18 07:00:00 AM,1.548,0.0,,,,
624,11/30/18 10:00:00 AM,1.980,96.9,,,,
625,11/30/18 01:00:00 PM,2.410,312.2,,,,
626,11/30/18 04:00:00 PM,2.410,53.8,,,,
627,11/30/18 07:00:00 PM,2.088,0.0,,,,
628,11/30/18 10:00:00 PM,0.674,0.0,,,,
629,12/01/18 01:00:00 AM,1.003,0.0,,,,
630,12/01/18 04:00:00 AM,0.784,0.0,,,,
631,12/01/18 07:00:00 AM,0.563,0.0,,,,
632,12/01/18 10:00:00 AM,0.563,376.7,,,,
633,12/01/18 01:00:00 PM,1.221,624.3,,,,
634,12/01/18 04:00:00 PM,1.003,226.0,,,,
635,12/01/18 07:00:00 PM,0.784,0.0,,,,
636,12/01/18 10:00:00 PM,0.784,0.0,,,,
637,12/02/18 01:00:00 AM,0.784,0.0,,,,
638,12/02/18 04:00:00 AM,0.784,0.0,,,,
639,12/02/18 07:00:00 AM,0.784,0.0,,,,
640,12/02/18 10:00:00 AM,0.784,495.1,,,,
641,12/02/18 01:00:00 PM,0.893,452.1,,,,
642,12/02/18 04:00:00 PM,1.003,247.6,,,,
643,12/02/18 07:00:00 PM,0.674,0.0,,,,
644,12/02/18 10:00:00 PM,0.232,0.0,,,,
645,12/03/18 01:00:00 AM,0.232,0.0,,,,
646,12/03/18 04:00:00 AM,0.121,0.0,,,,
647,12/03/18 07:00:00 AM,-0.325,0.0,,,,
648,12/03/18 10:00:00 AM,-0.549,32.3,,,,
649,12/03/18 01:00:00 PM,-0.102,430.6,,,,
650,12/03/18 04:00:00 PM,0.121,236.8,,,,
651,12/03/18 07:00:00 PM,-0.102,0.0,,,,
652,12/03/18 10:00:00 PM,-0.437,0.0,,,,
653,12/04/18 01:00:00 AM,-0.774,0.0,,,,
654,12/04/18 04:00:00 AM,-1.001,0.0,,,,
655,12/04/18 07:00:00 AM,-1.228,0.0,,,,
656,12/04/18 10:00:00 AM,-1.228,21.5,,,,
657,12/04/18 01:00:00 PM,-0.662,441.3,,,,
658,12/04/18 04:00:00 PM,-0.437,75.3,,,,
659,12/04/18 07:00:00 PM,-0.774,0.0,,,,
660,12/04/18 10:00:00 PM,-1.228,0.0,,,,
661,12/05/18 01:00:00 AM,-1.684,0.0,,,,
662,12/05/18 04:00:00 AM,-1.799,0.0,,,,
663,12/05/18 07:00:00 AM,-1.799,0.0,,,,
664,12/05/18 10:00:00 AM,-2.030,21.5,,,,
665,12/05/18 01:00:00 PM,-1.114,430.6,,,,
666,12/05/18 04:00:00 PM,-0.774,64.6,,,,
667,12/05/18 07:00:00 PM,-1.456,0.0,,,,
668,12/05/18 10:00:00 PM,-2.145,0.0,,,,
669,12/06/18 01:00:00 AM,-3.079,0.0,,,,
670,12/06/18 04:00:00 AM,-3.553,0.0,,,,
671,12/06/18 07:00:00 AM,-3.316,0.0,,,,
672,12/06/18 10:00:00 AM,-3.197,21.5,,,,
673,12/06/18 01:00:00 PM,-2.030,430.6,,,,
674,12/06/18 04:00:00 PM,-1.570,53.8,,,,
675,12/06/18 07:00:00 PM,-2.145,0.0,,,,
676,12/06/18 10:00:00 PM,-2.844,0.0,,,,
677,12/07/18 01:00:00 AM,-3.197,0.0,,,,
678,12/07/18 04:00:00 AM,-3.316,0.0,,,,
679,12/07/18 07:00:00 AM,-3.672,0.0,,,,
680,12/07/18 10:00:00 AM,-3.911,32.3,,,,
681,12/07/18 01:00:00 PM,-2.377,505.9,,,,
682,12/07/18 04:00:00 PM,-1.456,150.7,,,,
683,12/07/18 07:00:00 PM,-1.456,0.0,,,,
684,12/07/18 10:00:00 PM,-1.570,0.0,,,,
685,12/08/18 01:00:00 AM,-1.341,0.0,,,,
686,12/08/18 04:00:00 AM,-1.114,0.0,,,,
687,12/08/18 07:00:00 AM,-0.887,0.0,,,,
688,12/08/18 10:00:00 AM,-0.662,32.3,,,,
689,12/08/18 01:00:00 PM,-0.213,247.6,,,,
690,12/08/18 04:00:00 PM,0.010,107.6,,,,
691,12/08/18 07:00:00 PM,-0.102,0.0,,,,
692,12/08/18 10:00:00 PM,-0.102,0.0,,,,
693,12/09/18 01:00:00 AM,-0.325,0.0,,,,
694,12/09/18 04:00:00 AM,-0.549,0.0,,,,
695,12/09/18 07:00:00 AM,-0.662,0.0,,,,
696,12/09/18 10:00:00 AM,-0.213,129.2,,,,
697,12/09/18 01:00:00 PM,0.121,161.5,,,,
698,12/09/18 04:00:00 PM,0.121,0.0,,,,
699,12/09/18 07:00:00 PM,0.121,0.0,,,,
700,12/09/18 10:00:00 PM,0.121,0.0,,,,
701,12/10/18 01:00:00 AM,0.121,0.0,,,,
702,12/10/18 04:00:00 AM,0.121,0.0,,,,
703,12/10/18 07:00:00 AM,0.121,0.0,,,,
704,12/10/18 10:00:00 AM,0.121,0.0,,,,
705,12/10/18 01:00:00 PM,0.121,32.3,,,,
706,12/10/18 04:00:00 PM,0.121,0.0,,,,
707,12/10/18 07:00:00 PM,0.121,0.0,,,,
708,12/10/18 10:00:00 PM,0.121,0.0,,,,
709,12/11/18 01:00:00 AM,0.121,0.0,,,,
710,12/11/18 04:00:00 AM,0.121,0.0,,,,
711,12/11/18 07:00:00 AM,0.121,0.0,,,,
712,12/11/18 10:00:00 AM,0.121,0.0,,,,
713,12/11/18 01:00:00 PM,0.121,0.0,,,,
714,12/11/18 04:00:00 PM,0.121,0.0,,,,
715,12/11/18 07:00:00 PM,0.121,0.0,,,,
716,12/11/18 10:00:00 PM,0.121,0.0,,,,
717,12/12/18 01:00:00 AM,0.121,0.0,,,,
718,12/12/18 04:00:00 AM,0.121,0.0,,,,
719,12/12/18 07:00:00 AM,0.121,0.0,,,,
720,12/12/18 10:00:00 AM,0.121,0.0,,,,
721,12/12/18 01:00:00 PM,0.121,10.8,,,,
722,12/12/18 04:00:00 PM,0.232,0.0,,,,
723,12/12/18 07:00:00 PM,0.121,0.0,,,,
724,12/12/18 10:00:00 PM,0.232,0.0,,,,
725,12/13/18 01:00:00 AM,0.121,0.0,,,,
726,12/13/18 04:00:00 AM,0.121,0.0,,,,
727,12/13/18 07:00:00 AM,0.121,0.0,,,,
728,12/13/18 10:00:00 AM,0.121,0.0,,,,
729,12/13/18 01:00:00 PM,0.121,0.0,,,,
730,12/13/18 04:00:00 PM,0.121,0.0,,,,
731,12/13/18 07:00:00 PM,0.121,0.0,,,,
732,12/13/18 10:00:00 PM,0.121,0.0,,,,
733,12/14/18 01:00:00 AM,0.121,0.0,,,,
734,12/14/18 04:00:00 AM,0.232,0.0,,,,
735,12/14/18 07:00:00 AM,0.232,0.0,,,,
736,12/14/18 10:00:00 AM,0.121,0.0,,,,
737,12/14/18 01:00:00 PM,0.121,0.0,,,,
738,12/14/18 04:00:00 PM,0.121,0.0,,,,
739,12/14/18 07:00:00 PM,0.121,0.0,,,,
740,12/14/18 10:00:00 PM,0.121,0.0,,,,
741,12/15/18 01:00:00 AM,0.121,0.0,,,,
742,12/15/18 04:00:00 AM,0.232,0.0,,,,
743,12/15/18 07:00:00 AM,0.121,0.0,,,,
744,12/15/18 10:00:00 AM,0.232,0.0,,,,
745,12/15/18 01:00:00 PM,0.121,0.0,,,,
746,12/15/18 04:00:00 PM,0.121,0.0,,,,
747,12/15/18 07:00:00 PM,0.121,0.0,,,,
748,12/15/18 10:00:00 PM,0.121,0.0,,,,
749,12/16/18 01:00:00 AM,0.121,0.0,,,,
750,12/16/18 04:00:00 AM,0.121,0.0,,,,
751,12/16/18 07:00:00 AM,0.121,0.0,,,,
752,12/16/18 10:00:00 AM,0.121,0.0,,,,
753,12/16/18 01:00:00 PM,0.232,0.0,,,,
754,12/16/18 04:00:00 PM,0.121,0.0,,,,
755,12/16/18 07:00:00 PM,0.121,0.0,,,,
756,12/16/18 10:00:00 PM,0.121,0.0,,,,
757,12/17/18 01:00:00 AM,0.232,0.0,,,,
758,12/17/18 04:00:00 AM,0.121,0.0,,,,
759,12/17/18 07:00:00 AM,0.121,0.0,,,,
760,12/17/18 10:00:00 AM,0.121,0.0,,,,
761,12/17/18 01:00:00 PM,0.121,0.0,,,,
762,12/17/18 04:00:00 PM,0.121,0.0,,,,
763,12/17/18 07:00:00 PM,0.121,0.0,,,,
764,12/17/18 10:00:00 PM,0.121,0.0,,,,
765,12/18/18 01:00:00 AM,0.121,0.0,,,,
766,12/18/18 04:00:00 AM,0.121,0.0,,,,
767,12/18/18 07:00:00 AM,0.232,0.0,,,,
768,12/18/18 10:00:00 AM,0.121,0.0,,,,
769,12/18/18 01:00:00 PM,0.121,0.0,,,,
770,12/18/18 04:00:00 PM,0.232,0.0,,,,
771,12/18/18 07:00:00 PM,0.121,0.0,,,,
772,12/18/18 10:00:00 PM,0.121,0.0,,,,
773,12/19/18 01:00:00 AM,0.121,0.0,,,,
774,12/19/18 04:00:00 AM,0.121,0.0,,,,
775,12/19/18 07:00:00 AM,0.121,0.0,,,,
776,12/19/18 10:00:00 AM,0.121,0.0,,,,
777,12/19/18 01:00:00 PM,0.121,0.0,,,,
778,12/19/18 04:00:00 PM,0.121,0.0,,,,
779,12/19/18 07:00:00 PM,0.121,0.0,,,,
780,12/19/18 10:00:00 PM,0.121,0.0,,,,
781,12/20/18 01:00:00 AM,0.121,0.0,,,,
782,12/20/18 04:00:00 AM,0.121,0.0,,,,
783,12/20/18 07:00:00 AM,0.232,0.0,,,,
784,12/20/18 10:00:00 AM,0.121,0.0,,,,
785,12/20/18 01:00:00 PM,0.121,0.0,,,,
786,12/20/18 04:00:00 PM,0.121,0.0,,,,
787,12/20/18 07:00:00 PM,0.121,0.0,,,,
788,12/20/18 10:00:00 PM,0.121,0.0,,,,
789,12/21/18 01:00:00 AM,0.121,0.0,,,,
790,12/21/18 04:00:00 AM,0.232,0.0,,,,
791,12/21/18 07:00:00 AM,0.121,0.0,,,,
792,12/21/18 10:00:00 AM,0.121,0.0,,,,
793,12/21/18 01:00:00 PM,0.121,0.0,,,,
794,12/21/18 04:00:00 PM,0.121,0.0,,,,
795,12/21/18 07:00:00 PM,0.121,0.0,,,,
796,12/21/18 10:00:00 PM,0.121,0.0,,,,
797,12/22/18 01:00:00 AM,0.121,0.0,,,,
798,12/22/18 04:00:00 AM,0.121,0.0,,,,
799,12/22/18 07:00:00 AM,0.121,0.0,,,,
800,12/22/18 10:00:00 AM,0.121,0.0,,,,
801,12/22/18 01:00:00 PM,0.121,0.0,,,,
802,12/22/18 04:00:00 PM,0.121,0.0,,,,
803,12/22/18 07:00:00 PM,0.121,0.0,,,,
804,12/22/18 10:00:00 PM,0.121,0.0,,,,
805,12/23/18 01:00:00 AM,0.121,0.0,,,,
806,12/23/18 04:00:00 AM,0.121,0.0,,,,
807,12/23/18 07:00:00 AM,0.121,0.0,,,,
808,12/23/18 10:00:00 AM,0.121,0.0,,,,
809,12/23/18 01:00:00 PM,0.121,0.0,,,,
810,12/23/18 04:00:00 PM,0.121,0.0,,,,
811,12/23/18 07:00:00 PM,0.121,0.0,,,,
812,12/23/18 10:00:00 PM,0.121,0.0,,,,
813,12/24/18 01:00:00 AM,0.121,0.0,,,,
814,12/24/18 04:00:00 AM,0.121,0.0,,,,
815,12/24/18 07:00:00 AM,0.121,0.0,,,,
816,12/24/18 10:00:00 AM,0.121,0.0,,,,
817,12/24/18 01:00:00 PM,0.121,0.0,,,,
818,12/24/18 04:00:00 PM,0.121,0.0,,,,
819,12/24/18 07:00:00 PM,0.121,0.0,,,,
820,12/24/18 10:00:00 PM,0.121,0.0,,,,
821,12/25/18 01:00:00 AM,0.121,0.0,,,,
822,12/25/18 04:00:00 AM,0.121,0.0,,,,
823,12/25/18 07:00:00 AM,0.121,0.0,,,,
824,12/25/18 10:00:00 AM,0.121,0.0,,,,
825,12/25/18 01:00:00 PM,0.121,0.0,,,,
826,12/25/18 04:00:00 PM,0.121,0.0,,,,
827,12/25/18 07:00:00 PM,0.121,0.0,,,,
828,12/25/18 10:00:00 PM,0.121,0.0,,,,
829,12/26/18 01:00:00 AM,0.121,0.0,,,,
830,12/26/18 04:00:00 AM,0.121,0.0,,,,
831,12/26/18 07:00:00 AM,0.232,0.0,,,,
832,12/26/18 10:00:00 AM,0.121,0.0,,,,
833,12/26/18 01:00:00 PM,0.121,0.0,,,,
834,12/26/18 04:00:00 PM,0.121,0.0,,,,
835,12/26/18 07:00:00 PM,0.121,0.0,,,,
836,12/26/18 10:00:00 PM,0.121,0.0,,,,
837,12/27/18 01:00:00 AM,0.121,0.0,,,,
838,12/27/18 04:00:00 AM,0.121,0.0,,,,
839,12/27/18 07:00:00 AM,0.121,0.0,,,,
840,12/27/18 10:00:00 AM,0.121,0.0,,,,
841,12/27/18 01:00:00 PM,0.121,0.0,,,,
842,12/27/18 04:00:00 PM,0.121,0.0,,,,
843,12/27/18 07:00:00 PM,0.121,0.0,,,,
844,12/27/18 10:00:00 PM,0.121,0.0,,,,
845,12/28/18 01:00:00 AM,0.121,0.0,,,,
846,12/28/18 04:00:00 AM,0.121,0.0,,,,
847,12/28/18 07:00:00 AM,0.121,0.0,,,,
848,12/28/18 10:00:00 AM,0.232,0.0,,,,
849,12/28/18 01:00:00 PM,0.121,0.0,,,,
850,12/28/18 04:00:00 PM,0.121,0.0,,,,
851,12/28/18 07:00:00 PM,0.232,0.0,,,,
852,12/28/18 10:00:00 PM,0.232,0.0,,,,
853,12/29/18 01:00:00 AM,0.121,0.0,,,,
854,12/29/18 04:00:00 AM,0.232,0.0,,,,
855,12/29/18 07:00:00 AM,0.121,0.0,,,,
856,12/29/18 10:00:00 AM,0.121,0.0,,,,
857,12/29/18 01:00:00 PM,0.121,0.0,,,,
858,12/29/18 04:00:00 PM,0.121,0.0,,,,
859,12/29/18 07:00:00 PM,0.121,0.0,,,,
860,12/29/18 10:00:00 PM,0.121,0.0,,,,
861,12/30/18 01:00:00 AM,0.121,0.0,,,,
862,12/30/18 04:00:00 AM,0.121,0.0,,,,
863,12/30/18 07:00:00 AM,0.121,0.0,,,,
864,12/30/18 10:00:00 AM,0.121,0.0,,,,
865,12/30/18 01:00:00 PM,0.232,0.0,,,,
866,12/30/18 04:00:00 PM,0.121,0.0,,,,
867,12/30/18 07:00:00 PM,0.121,0.0,,,,
868,12/30/18 10:00:00 PM,0.121,0.0,,,,
869,12/31/18 01:00:00 AM,0.232,0.0,,,,
870,12/31/18 04:00:00 AM,0.232,0.0,,,,
871,12/31/18 07:00:00 AM,0.232,0.0,,,,
872,12/31/18 10:00:00 AM,0.121,0.0,,,,
873,12/31/18 01:00:00 PM,0.121,0.0,,,,
874,12/31/18 04:00:00 PM,0.232,0.0,,,,
875,12/31/18 07:00:00 PM,0.121,0.0,,,,
876,12/31/18 10:00:00 PM,0.232,0.0,,,,
877,01/01/19 01:00:00 AM,0.121,0.0,,,,
878,01/01/19 04:00:00 AM,0.121,0.0,,,,
879,01/01/19 07:00:00 AM,0.121,0.0,,,,
880,01/01/19 10:00:00 AM,0.232,0.0,,,,
881,01/01/19 01:00:00 PM,0.232,0.0,,,,
882,01/01/19 04:00:00 PM,0.232,0.0,,,,
883,01/01/19 07:00:00 PM,0.121,0.0,,,,
884,01/01/19 10:00:00 PM,0.121,0.0,,,,
885,01/02/19 01:00:00 AM,0.121,0.0,,,,
886,01/02/19 04:00:00 AM,0.121,0.0,,,,
887,01/02/19 07:00:00 AM,0.121,0.0,,,,
888,01/02/19 10:00:00 AM,0.121,0.0,,,,
889,01/02/19 01:00:00 PM,0.121,0.0,,,,
890,01/02/19 04:00:00 PM,0.232,0.0,,,,
891,01/02/19 07:00:00 PM,0.232,0.0,,,,
892,01/02/19 10:00:00 PM,0.121,0.0,,,,
893,01/03/19 01:00:00 AM,0.232,0.0,,,,
894,01/03/19 04:00:00 AM,0.121,0.0,,,,
895,01/03/19 07:00:00 AM,0.121,0.0,,,,
896,01/03/19 10:00:00 AM,0.232,0.0,,,,
897,01/03/19 01:00:00 PM,0.121,0.0,,,,
898,01/03/19 04:00:00 PM,0.121,0.0,,,,
899,01/03/19 07:00:00 PM,0.121,0.0,,,,
900,01/03/19 10:00:00 PM,0.121,0.0,,,,
901,01/04/19 01:00:00 AM,0.121,0.0,,,,
902,01/04/19 04:00:00 AM,0.232,0.0,,,,
903,01/04/19 07:00:00 AM,0.121,0.0,,,,
904,01/04/19 10:00:00 AM,0.121,0.0,,,,
905,01/04/19 01:00:00 PM,0.121,0.0,,,,
906,01/04/19 04:00:00 PM,0.121,0.0,,,,
907,01/04/19 07:00:00 PM,0.232,0.0,,,,
908,01/04/19 10:00:00 PM,0.121,0.0,,,,
909,01/05/19 01:00:00 AM,0.232,0.0,,,,
910,01/05/19 04:00:00 AM,0.121,0.0,,,,
911,01/05/19 07:00:00 AM,0.121,0.0,,,,
912,01/05/19 10:00:00 AM,0.121,0.0,,,,
913,01/05/19 01:00:00 PM,0.232,0.0,,,,
914,01/05/19 04:00:00 PM,0.232,0.0,,,,
915,01/05/19 07:00:00 PM,0.121,0.0,,,,
916,01/05/19 10:00:00 PM,0.121,0.0,,,,
917,01/06/19 01:00:00 AM,0.121,0.0,,,,
918,01/06/19 04:00:00 AM,0.121,0.0,,,,
919,01/06/19 07:00:00 AM,0.121,0.0,,,,
920,01/06/19 10:00:00 AM,0.121,0.0,,,,
921,01/06/19 01:00:00 PM,0.232,0.0,,,,
922,01/06/19 04:00:00 PM,0.232,0.0,,,,
923,01/06/19 07:00:00 PM,0.121,0.0,,,,
924,01/06/19 10:00:00 PM,0.121,0.0,,,,
925,01/07/19 01:00:00 AM,0.232,0.0,,,,
926,01/07/19 04:00:00 AM,0.232,0.0,,,,
927,01/07/19 07:00:00 AM,0.121,0.0,,,,
928,01/07/19 10:00:00 AM,0.121,0.0,,,,
929,01/07/19 01:00:00 PM,0.232,0.0,,,,
930,01/07/19 04:00:00 PM,0.232,0.0,,,,
931,01/07/19 07:00:00 PM,0.232,0.0,,,,
932,01/07/19 10:00:00 PM,0.232,0.0,,,,
933,01/08/19 01:00:00 AM,0.232,0.0,,,,
934,01/08/19 04:00:00 AM,0.121,0.0,,,,
935,01/08/19 07:00:00 AM,0.232,0.0,,,,
936,01/08/19 10:00:00 AM,0.232,0.0,,,,
937,01/08/19 01:00:00 PM,0.232,0.0,,,,
938,01/08/19 04:00:00 PM,0.232,0.0,,,,
939,01/08/19 07:00:00 PM,0.232,0.0,,,,
940,01/08/19 10:00:00 PM,0.232,0.0,,,,
941,01/09/19 01:00:00 AM,0.232,0.0,,,,
942,01/09/19 04:00:00 AM,0.232,0.0,,,,
943,01/09/19 07:00:00 AM,0.232,0.0,,,,
944,01/09/19 10:00:00 AM,0.232,0.0,,,,
945,01/09/19 01:00:00 PM,0.232,0.0,,,,
946,01/09/19 04:00:00 PM,0.232,0.0,,,,
947,01/09/19 07:00:00 PM,0.232,0.0,,,,
948,01/09/19 10:00:00 PM,0.232,0.0,,,,
949,01/10/19 01:00:00 AM,0.232,0.0,,,,
950,01/10/19 04:00:00 AM,0.232,0.0,,,,
951,01/10/19 07:00:00 AM,0.232,0.0,,,,
952,01/10/19 10:00:00 AM,0.232,0.0,,,,
953,01/10/19 01:00:00 PM,0.121,0.0,,,,
954,01/10/19 04:00:00 PM,0.232,0.0,,,,
955,01/10/19 07:00:00 PM,0.232,0.0,,,,
956,01/10/19 10:00:00 PM,0.121,0.0,,,,
957,01/11/19 01:00:00 AM,0.232,0.0,,,,
958,01/11/19 04:00:00 AM,0.232,0.0,,,,
959,01/11/19 07:00:00 AM,0.232,0.0,,,,
960,01/11/19 10:00:00 AM,0.232,0.0,,,,
961,01/11/19 01:00:00 PM,0.232,0.0,,,,
962,01/11/19 04:00:00 PM,0.232,0.0,,,,
963,01/11/19 07:00:00 PM,0.232,0.0,,,,
964,01/11/19 10:00:00 PM,0.232,0.0,,,,
965,01/12/19 01:00:00 AM,0.232,0.0,,,,
966,01/12/19 04:00:00 AM,0.232,0.0,,,,
967,01/12/19 07:00:00 AM,0.232,0.0,,,,
968,01/12/19 10:00:00 AM,0.232,0.0,,,,
969,01/12/19 01:00:00 PM,0.232,0.0,,,,
970,01/12/19 04:00:00 PM,0.232,0.0,,,,
971,01/12/19 07:00:00 PM,0.232,0.0,,,,
972,01/12/19 10:00:00 PM,0.232,0.0,,,,
973,01/13/19 01:00:00 AM,0.232,0.0,,,,
974,01/13/19 04:00:00 AM,0.232,0.0,,,,
975,01/13/19 07:00:00 AM,0.232,0.0,,,,
976,01/13/19 10:00:00 AM,0.232,0.0,,,,
977,01/13/19 01:00:00 PM,0.232,0.0,,,,
978,01/13/19 04:00:00 PM,0.232,0.0,,,,
979,01/13/19 07:00:00 PM,0.232,0.0,,,,
980,01/13/19 10:00:00 PM,0.232,0.0,,,,
981,01/14/19 01:00:00 AM,0.232,0.0,,,,
982,01/14/19 04:00:00 AM,0.232,0.0,,,,
983,01/14/19 07:00:00 AM,0.232,0.0,,,,
984,01/14/19 10:00:00 AM,0.232,0.0,,,,
985,01/14/19 01:00:00 PM,0.232,0.0,,,,
986,01/14/19 04:00:00 PM,0.232,0.0,,,,
987,01/14/19 07:00:00 PM,0.232,0.0,,,,
988,01/14/19 10:00:00 PM,0.232,0.0,,,,
989,01/15/19 01:00:00 AM,0.232,0.0,,,,
990,01/15/19 04:00:00 AM,0.232,0.0,,,,
991,01/15/19 07:00:00 AM,0.232,0.0,,,,
992,01/15/19 10:00:00 AM,0.232,0.0,,,,
993,01/15/19 01:00:00 PM,0.232,0.0,,,,
994,01/15/19 04:00:00 PM,0.232,0.0,,,,
995,01/15/19 07:00:00 PM,0.232,0.0,,,,
996,01/15/19 10:00:00 PM,0.232,0.0,,,,
997,01/16/19 01:00:00 AM,0.232,0.0,,,,
998,01/16/19 04:00:00 AM,0.232,0.0,,,,
999,01/16/19 07:00:00 AM,0.232,0.0,,,,
1000,01/16/19 10:00:00 AM,0.232,0.0,,,,
1001,01/16/19 01:00:00 PM,0.232,0.0,,,,
1002,01/16/19 04:00:00 PM,0.232,0.0,,,,
1003,01/16/19 07:00:00 PM,0.232,0.0,,,,
1004,01/16/19 10:00:00 PM,0.232,0.0,,,,
1005,01/17/19 01:00:00 AM,0.232,0.0,,,,
1006,01/17/19 04:00:00 AM,0.232,0.0,,,,
1007,01/17/19 07:00:00 AM,0.232,0.0,,,,
1008,01/17/19 10:00:00 AM,0.232,0.0,,,,
1009,01/17/19 01:00:00 PM,0.232,0.0,,,,
1010,01/17/19 04:00:00 PM,0.232,0.0,,,,
1011,01/17/19 07:00:00 PM,0.232,0.0,,,,
1012,01/17/19 10:00:00 PM,0.232,0.0,,,,
1013,01/18/19 01:00:00 AM,0.232,0.0,,,,
1014,01/18/19 04:00:00 AM,0.232,0.0,,,,
1015,01/18/19 07:00:00 AM,0.232,0.0,,,,
1016,01/18/19 10:00:00 AM,0.232,0.0,,,,
1017,01/18/19 01:00:00 PM,0.232,0.0,,,,
1018,01/18/19 04:00:00 PM,0.232,0.0,,,,
1019,01/18/19 07:00:00 PM,0.232,0.0,,,,
1020,01/18/19 10:00:00 PM,0.232,0.0,,,,
1021,01/19/19 01:00:00 AM,0.232,0.0,,,,
1022,01/19/19 04:00:00 AM,0.232,0.0,,,,
1023,01/19/19 07:00:00 AM,0.232,0.0,,,,
1024,01/19/19 10:00:00 AM,0.232,0.0,,,,
1025,01/19/19 01:00:00 PM,0.232,0.0,,,,
1026,01/19/19 04:00:00 PM,0.232,0.0,,,,
1027,01/19/19 07:00:00 PM,0.232,0.0,,,,
1028,01/19/19 10:00:00 PM,0.232,0.0,,,,
1029,01/20/19 01:00:00 AM,0.232,0.0,,,,
1030,01/20/19 04:00:00 AM,0.232,0.0,,,,
1031,01/20/19 07:00:00 AM,0.232,0.0,,,,
1032,01/20/19 10:00:00 AM,0.232,0.0,,,,
1033,01/20/19 01:00:00 PM,0.232,0.0,,,,
1034,01/20/19 04:00:00 PM,0.232,0.0,,,,
1035,01/20/19 07:00:00 PM,0.232,0.0,,,,
1036,01/20/19 10:00:00 PM,0.232,0.0,,,,
1037,01/21/19 01:00:00 AM,0.232,0.0,,,,
1038,01/21/19 04:00:00 AM,0.232,0.0,,,,
1039,01/21/19 07:00:00 AM,0.232,0.0,,,,
1040,01/21/19 10:00:00 AM,0.232,0.0,,,,
1041,01/21/19 01:00:00 PM,0.232,0.0,,,,
1042,01/21/19 04:00:00 PM,0.232,0.0,,,,
1043,01/21/19 07:00:00 PM,0.232,0.0,,,,
1044,01/21/19 10:00:00 PM,0.232,0.0,,,,
1045,01/22/19 01:00:00 AM,0.232,0.0,,,,
1046,01/22/19 04:00:00 AM,0.232,0.0,,,,
1047,01/22/19 07:00:00 AM,0.232,0.0,,,,
1048,01/22/19 10:00:00 AM,0.232,0.0,,,,
1049,01/22/19 01:00:00 PM,0.232,0.0,,,,
1050,01/22/19 04:00:00 PM,0.232,0.0,,,,
1051,01/22/19 07:00:00 PM,0.232,0.0,,,,
1052,01/22/19 10:00:00 PM,0.232,0.0,,,,
1053,01/23/19 01:00:00 AM,0.232,0.0,,,,
1054,01/23/19 04:00:00 AM,0.232,0.0,,,,
1055,01/23/19 07:00:00 AM,0.232,0.0,,,,
1056,01/23/19 10:00:00 AM,0.232,0.0,,,,
1057,01/23/19 01:00:00 PM,0.232,0.0,,,,
1058,01/23/19 04:00:00 PM,0.232,0.0,,,,
1059,01/23/19 07:00:00 PM,0.232,0.0,,,,
1060,01/23/19 10:00:00 PM,0.232,0.0,,,,
1061,01/24/19 01:00:00 AM,0.232,0.0,,,,
1062,01/24/19 04:00:00 AM,0.232,0.0,,,,
1063,01/24/19 07:00:00 AM,0.232,0.0,,,,
1064,01/24/19 10:00:00 AM,0.232,0.0,,,,
1065,01/24/19 01:00:00 PM,0.232,0.0,,,,
1066,01/24/19 04:00:00 PM,0.232,0.0,,,,
1067,01/24/19 07:00:00 PM,0.232,0.0,,,,
1068,01/24/19 10:00:00 PM,0.232,0.0,,,,
1069,01/25/19 01:00:00 AM,0.232,0.0,,,,
1070,01/25/19 04:00:00 AM,0.232,0.0,,,,
1071,01/25/19 07:00:00 AM,0.232,0.0,,,,
1072,01/25/19 10:00:00 AM,0.232,0.0,,,,
1073,01/25/19 01:00:00 PM,0.232,0.0,,,,
1074,01/25/19 04:00:00 PM,0.232,0.0,,,,
1075,01/25/19 07:00:00 PM,0.232,0.0,,,,
1076,01/25/19 10:00:00 PM,0.232,0.0,,,,
1077,01/26/19 01:00:00 AM,0.232,0.0,,,,
1078,01/26/19 04:00:00 AM,0.232,0.0,,,,
1079,01/26/19 07:00:00 AM,0.232,0.0,,,,
1080,01/26/19 10:00:00 AM,0.232,0.0,,,,
1081,01/26/19 01:00:00 PM,0.232,0.0,,,,
1082,01/26/19 04:00:00 PM,0.232,0.0,,,,
1083,01/26/19 07:00:00 PM,0.232,0.0,,,,
1084,01/26/19 10:00:00 PM,0.232,0.0,,,,
1085,01/27/19 01:00:00 AM,0.232,0.0,,,,
1086,01/27/19 04:00:00 AM,0.232,0.0,,,,
1087,01/27/19 07:00:00 AM,0.232,0.0,,,,
1088,01/27/19 10:00:00 AM,0.232,0.0,,,,
1089,01/27/19 01:00:00 PM,0.232,0.0,,,,
1090,01/27/19 04:00:00 PM,0.232,0.0,,,,
1091,01/27/19 07:00:00 PM,0.232,0.0,,,,
1092,01/27/19 10:00:00 PM,0.232,0.0,,,,
1093,01/28/19 01:00:00 AM,0.232,0.0,,,,
1094,01/28/19 04:00:00 AM,0.232,0.0,,,,
1095,01/28/19 07:00:00 AM,0.232,0.0,,,,
1096,01/28/19 10:00:00 AM,0.232,0.0,,,,
1097,01/28/19 01:00:00 PM,0.232,0.0,,,,
1098,01/28/19 04:00:00 PM,0.232,0.0,,,,
1099,01/28/19 07:00:00 PM,0.232,0.0,,,,
1100,01/28/19 10:00:00 PM,0.232,0.0,,,,
1101,01/29/19 01:00:00 AM,0.232,0.0,,,,
1102,01/29/19 04:00:00 AM,0.232,0.0,,,,
1103,01/29/19 07:00:00 AM,0.232,0.0,,,,
1104,01/29/19 10:00:00 AM,0.232,0.0,,,,
1105,01/29/19 01:00:00 PM,0.232,0.0,,,,
1106,01/29/19 04:00:00 PM,0.232,0.0,,,,
1107,01/29/19 07:00:00 PM,0.232,0.0,,,,
1108,01/29/19 10:00:00 PM,0.232,0.0,,,,
1109,01/30/19 01:00:00 AM,0.232,0.0,,,,
1110,01/30/19 04:00:00 AM,0.232,0.0,,,,
1111,01/30/19 07:00:00 AM,0.232,0.0,,,,
1112,01/30/19 10:00:00 AM,0.232,0.0,,,,
1113,01/30/19 01:00:00 PM,0.232,0.0,,,,
1114,01/30/19 04:00:00 PM,0.232,0.0,,,,
1115,01/30/19 07:00:00 PM,0.232,0.0,,,,
1116,01/30/19 10:00:00 PM,0.232,0.0,,,,
1117,01/31/19 01:00:00 AM,0.232,0.0,,,,
1118,01/31/19 04:00:00 AM,0.232,0.0,,,,
1119,01/31/19 07:00:00 AM,0.232,0.0,,,,
1120,01/31/19 10:00:00 AM,0.232,0.0,,,,
1121,01/31/19 01:00:00 PM,0.232,0.0,,,,
1122,01/31/19 04:00:00 PM,0.343,0.0,,,,
1123,01/31/19 07:00:00 PM,0.232,0.0,,,,
1124,01/31/19 10:00:00 PM,0.232,0.0,,,,
1125,02/01/19 01:00:00 AM,0.343,0.0,,,,
1126,02/01/19 04:00:00 AM,0.343,0.0,,,,
1127,02/01/19 07:00:00 AM,0.232,0.0,,,,
1128,02/01/19 10:00:00 AM,0.343,0.0,,,,
1129,02/01/19 01:00:00 PM,0.232,0.0,,,,
1130,02/01/19 04:00:00 PM,0.232,0.0,,,,
1131,02/01/19 07:00:00 PM,0.232,0.0,,,,
1132,02/01/19 10:00:00 PM,0.232,0.0,,,,
1133,02/02/19 01:00:00 AM,0.232,0.0,,,,
1134,02/02/19 04:00:00 AM,0.232,0.0,,,,
1135,02/02/19 07:00:00 AM,0.232,0.0,,,,
1136,02/02/19 10:00:00 AM,0.232,0.0,,,,
1137,02/02/19 01:00:00 PM,0.232,0.0,,,,
1138,02/02/19 04:00:00 PM,0.232,0.0,,,,
1139,02/02/19 07:00:00 PM,0.232,0.0,,,,
1140,02/02/19 10:00:00 PM,0.232,0.0,,,,
1141,02/03/19 01:00:00 AM,0.232,0.0,,,,
1142,02/03/19 04:00:00 AM,0.232,0.0,,,,
1143,02/03/19 07:00:00 AM,0.232,0.0,,,,
1144,02/03/19 10:00:00 AM,0.232,0.0,,,,
1145,02/03/19 01:00:00 PM,0.232,0.0,,,,
1146,02/03/19 04:00:00 PM,0.232,0.0,,,,
1147,02/03/19 07:00:00 PM,0.232,0.0,,,,
1148,02/03/19 10:00:00 PM,0.232,0.0,,,,
1149,02/04/19 01:00:00 AM,0.232,0.0,,,,
1150,02/04/19 04:00:00 AM,0.232,0.0,,,,
1151,02/04/19 07:00:00 AM,0.232,0.0,,,,
1152,02/04/19 10:00:00 AM,0.232,0.0,,,,
1153,02/04/19 01:00:00 PM,0.232,0.0,,,,
1154,02/04/19 04:00:00 PM,0.232,0.0,,,,
1155,02/04/19 07:00:00 PM,0.232,0.0,,,,
1156,02/04/19 10:00:00 PM,0.232,0.0,,,,
1157,02/05/19 01:00:00 AM,0.232,0.0,,,,
1158,02/05/19 04:00:00 AM,0.232,0.0,,,,
1159,02/05/19 07:00:00 AM,0.232,0.0,,,,
1160,02/05/19 10:00:00 AM,0.232,0.0,,,,
1161,02/05/19 01:00:00 PM,0.232,0.0,,,,
1162,02/05/19 04:00:00 PM,0.343,0.0,,,,
1163,02/05/19 07:00:00 PM,0.343,0.0,,,,
1164,02/05/19 10:00:00 PM,0.232,0.0,,,,
1165,02/06/19 01:00:00 AM,0.343,0.0,,,,
1166,02/06/19 04:00:00 AM,0.343,0.0,,,,
1167,02/06/19 07:00:00 AM,0.343,0.0,,,,
1168,02/06/19 10:00:00 AM,0.232,0.0,,,,
1169,02/06/19 01:00:00 PM,0.343,0.0,,,,
1170,02/06/19 04:00:00 PM,0.343,0.0,,,,
1171,02/06/19 07:00:00 PM,0.343,0.0,,,,
1172,02/06/19 10:00:00 PM,0.232,0.0,,,,
1173,02/07/19 01:00:00 AM,0.343,0.0,,,,
1174,02/07/19 04:00:00 AM,0.232,0.0,,,,
1175,02/07/19 07:00:00 AM,0.343,0.0,,,,
1176,02/07/19 10:00:00 AM,0.343,0.0,,,,
1177,02/07/19 01:00:00 PM,0.232,0.0,,,,
1178,02/07/19 04:00:00 PM,0.343,0.0,,,,
1179,02/07/19 07:00:00 PM,0.343,0.0,,,,
1180,02/07/19 10:00:00 PM,0.343,0.0,,,,
1181,02/08/19 01:00:00 AM,0.343,0.0,,,,
1182,02/08/19 04:00:00 AM,0.343,0.0,,,,
1183,02/08/19 07:00:00 AM,0.343,0.0,,,,
1184,02/08/19 10:00:00 AM,0.343,0.0,,,,
1185,02/08/19 01:00:00 PM,0.343,0.0,,,,
1186,02/08/19 04:00:00 PM,0.343,0.0,,,,
1187,02/08/19 07:00:00 PM,0.343,0.0,,,,
1188,02/08/19 10:00:00 PM,0.343,0.0,,,,
1189,02/09/19 01:00:00 AM,0.343,0.0,,,,
1190,02/09/19 04:00:00 AM,0.343,0.0,,,,
1191,02/09/19 07:00:00 AM,0.343,0.0,,,,
1192,02/09/19 10:00:00 AM,0.343,0.0,,,,
1193,02/09/19 01:00:00 PM,0.343,0.0,,,,
1194,02/09/19 04:00:00 PM,0.343,0.0,,,,
1195,02/09/19 07:00:00 PM,0.343,0.0,,,,
1196,02/09/19 10:00:00 PM,0.343,0.0,,,,
1197,02/10/19 01:00:00 AM,0.343,0.0,,,,
1198,02/10/19 04:00:00 AM,0.343,0.0,,,,
1199,02/10/19 07:00:00 AM,0.232,0.0,,,,
1200,02/10/19 10:00:00 AM,0.343,0.0,,,,
1201,02/10/19 01:00:00 PM,0.343,0.0,,,,
1202,02/10/19 04:00:00 PM,0.343,0.0,,,,
1203,02/10/19 07:00:00 PM,0.232,0.0,,,,
1204,02/10/19 10:00:00 PM,0.232,0.0,,,,
1205,02/11/19 01:00:00 AM,0.232,0.0,,,,
1206,02/11/19 04:00:00 AM,0.232,0.0,,,,
1207,02/11/19 07:00:00 AM,0.232,0.0,,,,
1208,02/11/19 10:00:00 AM,0.232,0.0,,,,
1209,02/11/19 01:00:00 PM,0.232,0.0,,,,
1210,02/11/19 04:00:00 PM,0.232,0.0,,,,
1211,02/11/19 07:00:00 PM,0.232,0.0,,,,
1212,02/11/19 10:00:00 PM,0.232,0.0,,,,
1213,02/12/19 01:00:00 AM,0.343,0.0,,,,
1214,02/12/19 04:00:00 AM,0.343,0.0,,,,
1215,02/12/19 07:00:00 AM,0.343,0.0,,,,
1216,02/12/19 10:00:00 AM,0.343,0.0,,,,
1217,02/12/19 01:00:00 PM,0.343,0.0,,,,
1218,02/12/19 04:00:00 PM,0.343,0.0,,,,
1219,02/12/19 07:00:00 PM,0.343,0.0,,,,
1220,02/12/19 10:00:00 PM,0.343,0.0,,,,
1221,02/13/19 01:00:00 AM,0.343,0.0,,,,
1222,02/13/19 04:00:00 AM,0.343,0.0,,,,
1223,02/13/19 07:00:00 AM,0.343,0.0,,,,
1224,02/13/19 10:00:00 AM,0.343,0.0,,,,
1225,02/13/19 01:00:00 PM,0.343,0.0,,,,
1226,02/13/19 04:00:00 PM,0.343,0.0,,,,
1227,02/13/19 07:00:00 PM,0.343,0.0,,,,
1228,02/13/19 10:00:00 PM,0.343,0.0,,,,
1229,02/14/19 01:00:00 AM,0.343,0.0,,,,
1230,02/14/19 04:00:00 AM,0.343,0.0,,,,
1231,02/14/19 07:00:00 AM,0.343,0.0,,,,
1232,02/14/19 10:00:00 AM,0.343,0.0,,,,
1233,02/14/19 01:00:00 PM,0.343,0.0,,,,
1234,02/14/19 04:00:00 PM,0.343,0.0,,,,
1235,02/14/19 07:00:00 PM,0.343,0.0,,,,
1236,02/14/19 10:00:00 PM,0.343,0.0,,,,
1237,02/15/19 01:00:00 AM,0.343,0.0,,,,
1238,02/15/19 04:00:00 AM,0.343,0.0,,,,
1239,02/15/19 07:00:00 AM,0.343,0.0,,,,
1240,02/15/19 10:00:00 AM,0.343,0.0,,,,
1241,02/15/19 01:00:00 PM,0.343,0.0,,,,
1242,02/15/19 04:00:00 PM,0.343,0.0,,,,
1243,02/15/19 07:00:00 PM,0.343,0.0,,,,
1244,02/15/19 10:00:00 PM,0.343,0.0,,,,
1245,02/16/19 01:00:00 AM,0.343,0.0,,,,
1246,02/16/19 04:00:00 AM,0.343,0.0,,,,
1247,02/16/19 07:00:00 AM,0.343,0.0,,,,
1248,02/16/19 10:00:00 AM,0.343,0.0,,,,
1249,02/16/19 01:00:00 PM,0.343,0.0,,,,
1250,02/16/19 04:00:00 PM,0.343,0.0,,,,
1251,02/16/19 07:00:00 PM,0.343,0.0,,,,
1252,02/16/19 10:00:00 PM,0.343,0.0,,,,
1253,02/17/19 01:00:00 AM,0.343,0.0,,,,
1254,02/17/19 04:00:00 AM,0.343,0.0,,,,
1255,02/17/19 07:00:00 AM,0.343,0.0,,,,
1256,02/17/19 10:00:00 AM,0.343,0.0,,,,
1257,02/17/19 01:00:00 PM,0.343,0.0,,,,
1258,02/17/19 04:00:00 PM,0.343,0.0,,,,
1259,02/17/19 07:00:00 PM,0.343,0.0,,,,
1260,02/17/19 10:00:00 PM,0.343,0.0,,,,
1261,02/18/19 01:00:00 AM,0.343,0.0,,,,
1262,02/18/19 04:00:00 AM,0.343,0.0,,,,
1263,02/18/19 07:00:00 AM,0.343,0.0,,,,
1264,02/18/19 10:00:00 AM,0.343,0.0,,,,
1265,02/18/19 01:00:00 PM,0.343,0.0,,,,
1266,02/18/19 04:00:00 PM,0.343,0.0,,,,
1267,02/18/19 07:00:00 PM,0.343,0.0,,,,
1268,02/18/19 10:00:00 PM,0.343,0.0,,,,
1269,02/19/19 01:00:00 AM,0.343,0.0,,,,
1270,02/19/19 04:00:00 AM,0.343,0.0,,,,
1271,02/19/19 07:00:00 AM,0.343,0.0,,,,
1272,02/19/19 10:00:00 AM,0.343,0.0,,,,
1273,02/19/19 01:00:00 PM,0.343,0.0,,,,
1274,02/19/19 04:00:00 PM,0.343,0.0,,,,
1275,02/19/19 07:00:00 PM,0.343,0.0,,,,
1276,02/19/19 10:00:00 PM,0.343,0.0,,,,
1277,02/20/19 01:00:00 AM,0.343,0.0,,,,
1278,02/20/19 04:00:00 AM,0.343,0.0,,,,
1279,02/20/19 07:00:00 AM,0.343,0.0,,,,
1280,02/20/19 10:00:00 AM,0.343,0.0,,,,
1281,02/20/19 01:00:00 PM,0.343,0.0,,,,
1282,02/20/19 04:00:00 PM,0.343,0.0,,,,
1283,02/20/19 07:00:00 PM,0.343,0.0,,,,
1284,02/20/19 10:00:00 PM,0.343,0.0,,,,
1285,02/21/19 01:00:00 AM,0.343,0.0,,,,
1286,02/21/19 04:00:00 AM,0.343,0.0,,,,
1287,02/21/19 07:00:00 AM,0.343,0.0,,,,
1288,02/21/19 10:00:00 AM,0.343,0.0,,,,
1289,02/21/19 01:00:00 PM,0.343,0.0,,,,
1290,02/21/19 04:00:00 PM,0.343,0.0,,,,
1291,02/21/19 07:00:00 PM,0.343,0.0,,,,
1292,02/21/19 10:00:00 PM,0.343,0.0,,,,
1293,02/22/19 01:00:00 AM,0.343,0.0,,,,
1294,02/22/19 04:00:00 AM,0.343,0.0,,,,
1295,02/22/19 07:00:00 AM,0.343,0.0,,,,
1296,02/22/19 10:00:00 AM,0.343,0.0,,,,
1297,02/22/19 01:00:00 PM,0.343,0.0,,,,
1298,02/22/19 04:00:00 PM,0.343,0.0,,,,
1299,02/22/19 07:00:00 PM,0.343,0.0,,,,
1300,02/22/19 10:00:00 PM,0.343,0.0,,,,
1301,02/23/19 01:00:00 AM,0.343,0.0,,,,
1302,02/23/19 04:00:00 AM,0.343,0.0,,,,
1303,02/23/19 07:00:00 AM,0.343,0.0,,,,
1304,02/23/19 10:00:00 AM,0.343,0.0,,,,
1305,02/23/19 01:00:00 PM,0.343,0.0,,,,
1306,02/23/19 04:00:00 PM,0.343,0.0,,,,
1307,02/23/19 07:00:00 PM,0.343,0.0,,,,
1308,02/23/19 10:00:00 PM,0.343,0.0,,,,
1309,02/24/19 01:00:00 AM,0.343,0.0,,,,
1310,02/24/19 04:00:00 AM,0.343,0.0,,,,
1311,02/24/19 07:00:00 AM,0.343,0.0,,,,
1312,02/24/19 10:00:00 AM,0.343,0.0,,,,
1313,02/24/19 01:00:00 PM,0.343,0.0,,,,
1314,02/24/19 04:00:00 PM,0.343,0.0,,,,
1315,02/24/19 07:00:00 PM,0.343,0.0,,,,
1316,02/24/19 10:00:00 PM,0.343,0.0,,,,
1317,02/25/19 01:00:00 AM,0.343,0.0,,,,
1318,02/25/19 04:00:00 AM,0.343,0.0,,,,
1319,02/25/19 07:00:00 AM,0.343,0.0,,,,
1320,02/25/19 10:00:00 AM,0.343,0.0,,,,
1321,02/25/19 01:00:00 PM,0.343,0.0,,,,
1322,02/25/19 04:00:00 PM,0.343,0.0,,,,
1323,02/25/19 07:00:00 PM,0.343,0.0,,,,
1324,02/25/19 10:00:00 PM,0.343,0.0,,,,
1325,02/26/19 01:00:00 AM,0.343,0.0,,,,
1326,02/26/19 04:00:00 AM,0.343,0.0,,,,
1327,02/26/19 07:00:00 AM,0.343,0.0,,,,
1328,02/26/19 10:00:00 AM,0.343,0.0,,,,
1329,02/26/19 01:00:00 PM,0.343,0.0,,,,
1330,02/26/19 04:00:00 PM,0.343,0.0,,,,
1331,02/26/19 07:00:00 PM,0.343,0.0,,,,
1332,02/26/19 10:00:00 PM,0.343,0.0,,,,
1333,02/27/19 01:00:00 AM,0.343,0.0,,,,
1334,02/27/19 04:00:00 AM,0.343,0.0,,,,
1335,02/27/19 07:00:00 AM,0.343,0.0,,,,
1336,02/27/19 10:00:00 AM,0.343,0.0,,,,
1337,02/27/19 01:00:00 PM,0.343,0.0,,,,
1338,02/27/19 04:00:00 PM,0.343,0.0,,,,
1339,02/27/19 07:00:00 PM,0.343,0.0,,,,
1340,02/27/19 10:00:00 PM,0.343,0.0,,,,
1341,02/28/19 01:00:00 AM,0.343,0.0,,,,
1342,02/28/19 04:00:00 AM,0.343,0.0,,,,
1343,02/28/19 07:00:00 AM,0.343,0.0,,,,
1344,02/28/19 10:00:00 AM,0.343,0.0,,,,
1345,02/28/19 01:00:00 PM,0.343,0.0,,,,
1346,02/28/19 04:00:00 PM,0.343,0.0,,,,
1347,02/28/19 07:00:00 PM,0.343,0.0,,,,
1348,02/28/19 10:00:00 PM,0.343,0.0,,,,
1349,03/01/19 01:00:00 AM,0.343,0.0,,,,
1350,03/01/19 04:00:00 AM,0.343,0.0,,,,
1351,03/01/19 07:00:00 AM,0.343,0.0,,,,
1352,03/01/19 10:00:00 AM,0.343,0.0,,,,
1353,03/01/19 01:00:00 PM,0.343,0.0,,,,
1354,03/01/19 04:00:00 PM,0.343,0.0,,,,
1355,03/01/19 07:00:00 PM,0.343,0.0,,,,
1356,03/01/19 10:00:00 PM,0.343,0.0,,,,
1357,03/02/19 01:00:00 AM,0.343,0.0,,,,
1358,03/02/19 04:00:00 AM,0.343,0.0,,,,
1359,03/02/19 07:00:00 AM,0.343,0.0,,,,
1360,03/02/19 10:00:00 AM,0.343,0.0,,,,
1361,03/02/19 01:00:00 PM,0.343,0.0,,,,
1362,03/02/19 04:00:00 PM,0.343,0.0,,,,
1363,03/02/19 07:00:00 PM,0.343,0.0,,,,
1364,03/02/19 10:00:00 PM,0.343,0.0,,,,
1365,03/03/19 01:00:00 AM,0.343,0.0,,,,
1366,03/03/19 04:00:00 AM,0.343,0.0,,,,
1367,03/03/19 07:00:00 AM,0.343,0.0,,,,
1368,03/03/19 10:00:00 AM,0.343,0.0,,,,
1369,03/03/19 01:00:00 PM,0.343,0.0,,,,
1370,03/03/19 04:00:00 PM,0.343,0.0,,,,
1371,03/03/19 07:00:00 PM,0.343,0.0,,,,
1372,03/03/19 10:00:00 PM,0.343,0.0,,,,
1373,03/04/19 01:00:00 AM,0.343,0.0,,,,
1374,03/04/19 04:00:00 AM,0.343,0.0,,,,
1375,03/04/19 07:00:00 AM,0.343,0.0,,,,
1376,03/04/19 10:00:00 AM,0.343,0.0,,,,
1377,03/04/19 01:00:00 PM,0.343,0.0,,,,
1378,03/04/19 04:00:00 PM,0.343,0.0,,,,
1379,03/04/19 07:00:00 PM,0.343,0.0,,,,
1380,03/04/19 10:00:00 PM,0.343,0.0,,,,
1381,03/05/19 01:00:00 AM,0.343,0.0,,,,
1382,03/05/19 04:00:00 AM,0.343,0.0,,,,
1383,03/05/19 07:00:00 AM,0.343,0.0,,,,
1384,03/05/19 10:00:00 AM,0.343,0.0,,,,
1385,03/05/19 01:00:00 PM,0.343,0.0,,,,
1386,03/05/19 04:00:00 PM,0.343,0.0,,,,
1387,03/05/19 07:00:00 PM,0.343,0.0,,,,
1388,03/05/19 10:00:00 PM,0.343,0.0,,,,
1389,03/06/19 01:00:00 AM,0.343,0.0,,,,
1390,03/06/19 04:00:00 AM,0.343,0.0,,,,
1391,03/06/19 07:00:00 AM,0.343,0.0,,,,
1392,03/06/19 10:00:00 AM,0.343,0.0,,,,
1393,03/06/19 01:00:00 PM,0.343,0.0,,,,
1394,03/06/19 04:00:00 PM,0.343,0.0,,,,
1395,03/06/19 07:00:00 PM,0.343,0.0,,,,
1396,03/06/19 10:00:00 PM,0.343,0.0,,,,
1397,03/07/19 01:00:00 AM,0.343,0.0,,,,
1398,03/07/19 04:00:00 AM,0.343,0.0,,,,
1399,03/07/19 07:00:00 AM,0.343,0.0,,,,
1400,03/07/19 10:00:00 AM,0.343,0.0,,,,
1401,03/07/19 01:00:00 PM,0.343,0.0,,,,
1402,03/07/19 04:00:00 PM,0.343,0.0,,,,
1403,03/07/19 07:00:00 PM,0.343,0.0,,,,
1404,03/07/19 10:00:00 PM,0.343,0.0,,,,
1405,03/08/19 01:00:00 AM,0.343,0.0,,,,
1406,03/08/19 04:00:00 AM,0.343,0.0,,,,
1407,03/08/19 07:00:00 AM,0.343,0.0,,,,
1408,03/08/19 10:00:00 AM,0.343,0.0,,,,
1409,03/08/19 01:00:00 PM,0.343,0.0,,,,
1410,03/08/19 04:00:00 PM,0.343,0.0,,,,
1411,03/08/19 07:00:00 PM,0.343,0.0,,,,
1412,03/08/19 10:00:00 PM,0.343,0.0,,,,
1413,03/09/19 01:00:00 AM,0.343,0.0,,,,
1414,03/09/19 04:00:00 AM,0.343,0.0,,,,
1415,03/09/19 07:00:00 AM,0.343,0.0,,,,
1416,03/09/19 10:00:00 AM,0.343,0.0,,,,
1417,03/09/19 01:00:00 PM,0.343,0.0,,,,
1418,03/09/19 04:00:00 PM,0.343,0.0,,,,
1419,03/09/19 07:00:00 PM,0.343,0.0,,,,
1420,03/09/19 10:00:00 PM,0.343,0.0,,,,
1421,03/10/19 01:00:00 AM,0.343,0.0,,,,
1422,03/10/19 04:00:00 AM,0.343,0.0,,,,
1423,03/10/19 07:00:00 AM,0.343,0.0,,,,
1424,03/10/19 10:00:00 AM,0.343,0.0,,,,
1425,03/10/19 01:00:00 PM,0.343,0.0,,,,
1426,03/10/19 04:00:00 PM,0.343,0.0,,,,
1427,03/10/19 07:00:00 PM,0.343,0.0,,,,
1428,03/10/19 10:00:00 PM,0.343,0.0,,,,
1429,03/11/19 01:00:00 AM,0.343,0.0,,,,
1430,03/11/19 04:00:00 AM,0.343,0.0,,,,
1431,03/11/19 07:00:00 AM,0.343,0.0,,,,
1432,03/11/19 10:00:00 AM,0.343,0.0,,,,
1433,03/11/19 01:00:00 PM,0.343,0.0,,,,
1434,03/11/19 04:00:00 PM,0.343,0.0,,,,
1435,03/11/19 07:00:00 PM,0.343,0.0,,,,
1436,03/11/19 10:00:00 PM,0.343,0.0,,,,
1437,03/12/19 01:00:00 AM,0.343,0.0,,,,
1438,03/12/19 04:00:00 AM,0.343,0.0,,,,
1439,03/12/19 07:00:00 AM,0.343,0.0,,,,
1440,03/12/19 10:00:00 AM,0.343,0.0,,,,
1441,03/12/19 01:00:00 PM,0.343,0.0,,,,
1442,03/12/19 04:00:00 PM,0.343,0.0,,,,
1443,03/12/19 07:00:00 PM,0.343,0.0,,,,
1444,03/12/19 10:00:00 PM,0.343,0.0,,,,
1445,03/13/19 01:00:00 AM,0.343,0.0,,,,
1446,03/13/19 04:00:00 AM,0.343,0.0,,,,
1447,03/13/19 07:00:00 AM,0.343,0.0,,,,
1448,03/13/19 10:00:00 AM,0.343,0.0,,,,
1449,03/13/19 01:00:00 PM,0.343,0.0,,,,
1450,03/13/19 04:00:00 PM,0.343,0.0,,,,
1451,03/13/19 07:00:00 PM,0.343,0.0,,,,
1452,03/13/19 10:00:00 PM,0.343,0.0,,,,
1453,03/14/19 01:00:00 AM,0.343,0.0,,,,
1454,03/14/19 04:00:00 AM,0.343,0.0,,,,
1455,03/14/19 07:00:00 AM,0.343,0.0,,,,
1456,03/14/19 10:00:00 AM,0.343,0.0,,,,
1457,03/14/19 01:00:00 PM,0.343,0.0,,,,
1458,03/14/19 04:00:00 PM,0.343,0.0,,,,
1459,03/14/19 07:00:00 PM,0.343,0.0,,,,
1460,03/14/19 10:00:00 PM,0.343,0.0,,,,
1461,03/15/19 01:00:00 AM,0.343,0.0,,,,
1462,03/15/19 04:00:00 AM,0.343,0.0,,,,
1463,03/15/19 07:00:00 AM,0.343,0.0,,,,
1464,03/15/19 10:00:00 AM,0.343,0.0,,,,
1465,03/15/19 01:00:00 PM,0.343,0.0,,,,
1466,03/15/19 04:00:00 PM,0.343,0.0,,,,
1467,03/15/19 07:00:00 PM,0.343,0.0,,,,
1468,03/15/19 10:00:00 PM,0.343,0.0,,,,
1469,03/16/19 01:00:00 AM,0.343,0.0,,,,
1470,03/16/19 04:00:00 AM,0.343,0.0,,,,
1471,03/16/19 07:00:00 AM,0.343,0.0,,,,
1472,03/16/19 10:00:00 AM,0.343,0.0,,,,
1473,03/16/19 01:00:00 PM,0.343,0.0,,,,
1474,03/16/19 04:00:00 PM,0.343,0.0,,,,
1475,03/16/19 07:00:00 PM,0.343,0.0,,,,
1476,03/16/19 10:00:00 PM,0.343,0.0,,,,
1477,03/17/19 01:00:00 AM,0.343,0.0,,,,
1478,03/17/19 04:00:00 AM,0.343,0.0,,,,
1479,03/17/19 07:00:00 AM,0.343,0.0,,,,
1480,03/17/19 10:00:00 AM,0.343,0.0,,,,
1481,03/17/19 01:00:00 PM,0.343,0.0,,,,
1482,03/17/19 04:00:00 PM,0.343,0.0,,,,
1483,03/17/19 07:00:00 PM,0.343,0.0,,,,
1484,03/17/19 10:00:00 PM,0.343,0.0,,,,
1485,03/18/19 01:00:00 AM,0.343,0.0,,,,
1486,03/18/19 04:00:00 AM,0.343,0.0,,,,
1487,03/18/19 07:00:00 AM,0.343,0.0,,,,
1488,03/18/19 10:00:00 AM,0.343,0.0,,,,
1489,03/18/19 01:00:00 PM,0.343,0.0,,,,
1490,03/18/19 04:00:00 PM,0.343,0.0,,,,
1491,03/18/19 07:00:00 PM,0.343,0.0,,,,
1492,03/18/19 10:00:00 PM,0.343,0.0,,,,
1493,03/19/19 01:00:00 AM,0.343,0.0,,,,
1494,03/19/19 04:00:00 AM,0.343,0.0,,,,
1495,03/19/19 07:00:00 AM,0.343,0.0,,,,
1496,03/19/19 10:00:00 AM,0.343,0.0,,,,
1497,03/19/19 01:00:00 PM,0.343,0.0,,,,
1498,03/19/19 04:00:00 PM,0.343,0.0,,,,
1499,03/19/19 07:00:00 PM,0.343,0.0,,,,
1500,03/19/19 10:00:00 PM,0.343,0.0,,,,
1501,03/20/19 01:00:00 AM,0.343,0.0,,,,
1502,03/20/19 04:00:00 AM,0.343,0.0,,,,
1503,03/20/19 07:00:00 AM,0.343,0.0,,,,
1504,03/20/19 10:00:00 AM,0.343,0.0,,,,
1505,03/20/19 01:00:00 PM,0.343,0.0,,,,
1506,03/20/19 04:00:00 PM,0.343,0.0,,,,
1507,03/20/19 07:00:00 PM,0.343,0.0,,,,
1508,03/20/19 10:00:00 PM,0.343,0.0,,,,
1509,03/21/19 01:00:00 AM,0.343,0.0,,,,
1510,03/21/19 04:00:00 AM,0.343,0.0,,,,
1511,03/21/19 07:00:00 AM,0.343,0.0,,,,
1512,03/21/19 10:00:00 AM,0.343,0.0,,,,
1513,03/21/19 01:00:00 PM,0.343,0.0,,,,
1514,03/21/19 04:00:00 PM,0.343,0.0,,,,
1515,03/21/19 07:00:00 PM,0.343,0.0,,,,
1516,03/21/19 10:00:00 PM,0.232,0.0,,,,
1517,03/22/19 01:00:00 AM,0.232,0.0,,,,
1518,03/22/19 04:00:00 AM,0.232,0.0,,,,
1519,03/22/19 07:00:00 AM,0.343,0.0,,,,
1520,03/22/19 10:00:00 AM,0.343,0.0,,,,
1521,03/22/19 01:00:00 PM,0.343,0.0,,,,
1522,03/22/19 04:00:00 PM,0.232,0.0,,,,
1523,03/22/19 07:00:00 PM,0.343,0.0,,,,
1524,03/22/19 10:00:00 PM,0.232,0.0,,,,
1525,03/23/19 01:00:00 AM,0.232,0.0,,,,
1526,03/23/19 04:00:00 AM,0.232,0.0,,,,
1527,03/23/19 07:00:00 AM,0.232,0.0,,,,
1528,03/23/19 10:00:00 AM,0.232,0.0,,,,
1529,03/23/19 01:00:00 PM,0.232,0.0,,,,
1530,03/23/19 04:00:00 PM,0.232,0.0,,,,
1531,03/23/19 07:00:00 PM,0.232,0.0,,,,
1532,03/23/19 10:00:00 PM,0.232,0.0,,,,
1533,03/24/19 01:00:00 AM,0.232,0.0,,,,
1534,03/24/19 04:00:00 AM,0.232,0.0,,,,
1535,03/24/19 07:00:00 AM,0.232,0.0,,,,
1536,03/24/19 10:00:00 AM,0.232,0.0,,,,
1537,03/24/19 01:00:00 PM,0.343,0.0,,,,
1538,03/24/19 04:00:00 PM,0.232,0.0,,,,
1539,03/24/19 07:00:00 PM,0.232,0.0,,,,
1540,03/24/19 10:00:00 PM,0.232,0.0,,,,
1541,03/25/19 01:00:00 AM,0.232,0.0,,,,
1542,03/25/19 04:00:00 AM,0.232,0.0,,,,
1543,03/25/19 07:00:00 AM,0.232,0.0,,,,
1544,03/25/19 10:00:00 AM,0.232,0.0,,,,
1545,03/25/19 01:00:00 PM,0.232,0.0,,,,
1546,03/25/19 04:00:00 PM,0.232,0.0,,,,
1547,03/25/19 07:00:00 PM,0.232,0.0,,,,
1548,03/25/19 10:00:00 PM,0.232,0.0,,,,
1549,03/26/19 01:00:00 AM,0.232,0.0,,,,
1550,03/26/19 04:00:00 AM,0.232,0.0,,,,
1551,03/26/19 07:00:00 AM,0.232,0.0,,,,
1552,03/26/19 10:00:00 AM,0.232,0.0,,,,
1553,03/26/19 01:00:00 PM,0.232,0.0,,,,
1554,03/26/19 04:00:00 PM,0.232,0.0,,,,
1555,03/26/19 07:00:00 PM,0.232,0.0,,,,
1556,03/26/19 10:00:00 PM,0.232,0.0,,,,
1557,03/27/19 01:00:00 AM,0.232,0.0,,,,
1558,03/27/19 04:00:00 AM,0.232,0.0,,,,
1559,03/27/19 07:00:00 AM,0.232,0.0,,,,
1560,03/27/19 10:00:00 AM,0.232,0.0,,,,
1561,03/27/19 01:00:00 PM,0.232,0.0,,,,
1562,03/27/19 04:00:00 PM,0.232,0.0,,,,
1563,03/27/19 07:00:00 PM,0.232,0.0,,,,
1564,03/27/19 10:00:00 PM,0.232,0.0,,,,
1565,03/28/19 01:00:00 AM,0.232,0.0,,,,
1566,03/28/19 04:00:00 AM,0.232,0.0,,,,
1567,03/28/19 07:00:00 AM,0.232,0.0,,,,
1568,03/28/19 10:00:00 AM,0.232,0.0,,,,
1569,03/28/19 01:00:00 PM,0.232,0.0,,,,
1570,03/28/19 04:00:00 PM,0.232,0.0,,,,
1571,03/28/19 07:00:00 PM,0.232,0.0,,,,
1572,03/28/19 10:00:00 PM,0.232,0.0,,,,
1573,03/29/19 01:00:00 AM,0.232,0.0,,,,
1574,03/29/19 04:00:00 AM,0.232,0.0,,,,
1575,03/29/19 07:00:00 AM,0.232,0.0,,,,
1576,03/29/19 10:00:00 AM,0.232,0.0,,,,
1577,03/29/19 01:00:00 PM,0.232,0.0,,,,
1578,03/29/19 04:00:00 PM,0.232,0.0,,,,
1579,03/29/19 07:00:00 PM,0.232,0.0,,,,
1580,03/29/19 10:00:00 PM,0.232,0.0,,,,
1581,03/30/19 01:00:00 AM,0.232,0.0,,,,
1582,03/30/19 04:00:00 AM,0.232,0.0,,,,
1583,03/30/19 07:00:00 AM,0.232,0.0,,,,
1584,03/30/19 10:00:00 AM,0.232,0.0,,,,
1585,03/30/19 01:00:00 PM,0.232,0.0,,,,
1586,03/30/19 04:00:00 PM,0.232,0.0,,,,
1587,03/30/19 07:00:00 PM,0.232,0.0,,,,
1588,03/30/19 10:00:00 PM,0.232,0.0,,,,
1589,03/31/19 01:00:00 AM,0.232,0.0,,,,
1590,03/31/19 04:00:00 AM,0.232,0.0,,,,
1591,03/31/19 07:00:00 AM,0.232,0.0,,,,
1592,03/31/19 10:00:00 AM,0.232,0.0,,,,
1593,03/31/19 01:00:00 PM,0.232,0.0,,,,
1594,03/31/19 04:00:00 PM,0.232,0.0,,,,
1595,03/31/19 07:00:00 PM,0.232,0.0,,,,
1596,03/31/19 10:00:00 PM,0.232,0.0,,,,
1597,04/01/19 01:00:00 AM,0.232,0.0,,,,
1598,04/01/19 04:00:00 AM,0.232,0.0,,,,
1599,04/01/19 07:00:00 AM,0.232,0.0,,,,
1600,04/01/19 10:00:00 AM,0.232,0.0,,,,
1601,04/01/19 01:00:00 PM,0.232,0.0,,,,
1602,04/01/19 04:00:00 PM,0.232,0.0,,,,
1603,04/01/19 07:00:00 PM,0.232,0.0,,,,
1604,04/01/19 10:00:00 PM,0.232,0.0,,,,
1605,04/02/19 01:00:00 AM,0.232,0.0,,,,
1606,04/02/19 04:00:00 AM,0.232,0.0,,,,
1607,04/02/19 07:00:00 AM,0.232,0.0,,,,
1608,04/02/19 10:00:00 AM,0.232,0.0,,,,
1609,04/02/19 01:00:00 PM,0.232,0.0,,,,
1610,04/02/19 04:00:00 PM,0.232,0.0,,,,
1611,04/02/19 07:00:00 PM,0.232,0.0,,,,
1612,04/02/19 10:00:00 PM,0.232,0.0,,,,
1613,04/03/19 01:00:00 AM,0.232,0.0,,,,
1614,04/03/19 04:00:00 AM,0.232,0.0,,,,
1615,04/03/19 07:00:00 AM,0.232,0.0,,,,
1616,04/03/19 10:00:00 AM,0.232,0.0,,,,
1617,04/03/19 01:00:00 PM,0.232,0.0,,,,
1618,04/03/19 04:00:00 PM,0.232,0.0,,,,
1619,04/03/19 07:00:00 PM,0.232,0.0,,,,
1620,04/03/19 10:00:00 PM,0.232,0.0,,,,
1621,04/04/19 01:00:00 AM,0.232,0.0,,,,
1622,04/04/19 04:00:00 AM,0.232,0.0,,,,
1623,04/04/19 07:00:00 AM,0.232,0.0,,,,
1624,04/04/19 10:00:00 AM,0.232,0.0,,,,
1625,04/04/19 01:00:00 PM,0.232,0.0,,,,
1626,04/04/19 04:00:00 PM,0.232,0.0,,,,
1627,04/04/19 07:00:00 PM,0.232,0.0,,,,
1628,04/04/19 10:00:00 PM,0.232,0.0,,,,
1629,04/05/19 01:00:00 AM,0.232,0.0,,,,
1630,04/05/19 04:00:00 AM,0.232,0.0,,,,
1631,04/05/19 07:00:00 AM,0.232,0.0,,,,
1632,04/05/19 10:00:00 AM,0.232,0.0,,,,
1633,04/05/19 01:00:00 PM,0.232,0.0,,,,
1634,04/05/19 04:00:00 PM,0.232,0.0,,,,
1635,04/05/19 07:00:00 PM,0.232,0.0,,,,
1636,04/05/19 10:00:00 PM,0.232,0.0,,,,
1637,04/06/19 01:00:00 AM,0.232,0.0,,,,
1638,04/06/19 04:00:00 AM,0.232,0.0,,,,
1639,04/06/19 07:00:00 AM,0.232,0.0,,,,
1640,04/06/19 10:00:00 AM,0.232,0.0,,,,
1641,04/06/19 01:00:00 PM,0.232,0.0,,,,
1642,04/06/19 04:00:00 PM,0.232,0.0,,,,
1643,04/06/19 07:00:00 PM,0.232,0.0,,,,
1644,04/06/19 10:00:00 PM,0.232,0.0,,,,
1645,04/07/19 01:00:00 AM,0.232,0.0,,,,
1646,04/07/19 04:00:00 AM,0.232,0.0,,,,
1647,04/07/19 07:00:00 AM,0.232,0.0,,,,
1648,04/07/19 10:00:00 AM,0.232,0.0,,,,
1649,04/07/19 01:00:00 PM,0.232,0.0,,,,
1650,04/07/19 04:00:00 PM,0.232,0.0,,,,
1651,04/07/19 07:00:00 PM,0.232,0.0,,,,
1652,04/07/19 10:00:00 PM,0.232,0.0,,,,
1653,04/08/19 01:00:00 AM,0.232,0.0,,,,
1654,04/08/19 04:00:00 AM,0.232,0.0,,,,
1655,04/08/19 07:00:00 AM,0.232,0.0,,,,
1656,04/08/19 10:00:00 AM,0.232,0.0,,,,
1657,04/08/19 01:00:00 PM,0.232,0.0,,,,
1658,04/08/19 04:00:00 PM,0.232,0.0,,,,
1659,04/08/19 07:00:00 PM,0.232,0.0,,,,
1660,04/08/19 10:00:00 PM,0.232,0.0,,,,
1661,04/09/19 01:00:00 AM,0.232,0.0,,,,
1662,04/09/19 04:00:00 AM,0.232,0.0,,,,
1663,04/09/19 07:00:00 AM,0.232,0.0,,,,
1664,04/09/19 10:00:00 AM,0.232,0.0,,,,
1665,04/09/19 01:00:00 PM,0.232,0.0,,,,
1666,04/09/19 04:00:00 PM,0.232,0.0,,,,
1667,04/09/19 07:00:00 PM,0.232,0.0,,,,
1668,04/09/19 10:00:00 PM,0.232,0.0,,,,
1669,04/10/19 01:00:00 AM,0.232,0.0,,,,
1670,04/10/19 04:00:00 AM,0.232,0.0,,,,
1671,04/10/19 07:00:00 AM,0.232,0.0,,,,
1672,04/10/19 10:00:00 AM,0.232,0.0,,,,
1673,04/10/19 01:00:00 PM,0.232,0.0,,,,
1674,04/10/19 04:00:00 PM,0.232,0.0,,,,
1675,04/10/19 07:00:00 PM,0.232,0.0,,,,
1676,04/10/19 10:00:00 PM,0.232,0.0,,,,
1677,04/11/19 01:00:00 AM,0.232,0.0,,,,
1678,04/11/19 04:00:00 AM,0.232,0.0,,,,
1679,04/11/19 07:00:00 AM,0.232,0.0,,,,
1680,04/11/19 10:00:00 AM,0.232,0.0,,,,
1681,04/11/19 01:00:00 PM,0.232,0.0,,,,
1682,04/11/19 04:00:00 PM,0.232,0.0,,,,
1683,04/11/19 07:00:00 PM,0.232,0.0,,,,
1684,04/11/19 10:00:00 PM,0.232,0.0,,,,
1685,04/12/19 01:00:00 AM,0.232,0.0,,,,
1686,04/12/19 04:00:00 AM,0.232,0.0,,,,
1687,04/12/19 07:00:00 AM,0.232,0.0,,,,
1688,04/12/19 10:00:00 AM,0.232,0.0,,,,
1689,04/12/19 01:00:00 PM,0.232,0.0,,,,
1690,04/12/19 04:00:00 PM,0.232,0.0,,,,
1691,04/12/19 07:00:00 PM,0.232,0.0,,,,
1692,04/12/19 10:00:00 PM,0.232,0.0,,,,
1693,04/13/19 01:00:00 AM,0.232,0.0,,,,
1694,04/13/19 04:00:00 AM,0.232,0.0,,,,
1695,04/13/19 07:00:00 AM,0.232,0.0,,,,
1696,04/13/19 10:00:00 AM,0.232,0.0,,,,
1697,04/13/19 01:00:00 PM,0.232,0.0,,,,
1698,04/13/19 04:00:00 PM,0.232,0.0,,,,
1699,04/13/19 07:00:00 PM,0.232,0.0,,,,
1700,04/13/19 10:00:00 PM,0.232,0.0,,,,
1701,04/14/19 01:00:00 AM,0.232,0.0,,,,
1702,04/14/19 04:00:00 AM,0.232,0.0,,,,
1703,04/14/19 07:00:00 AM,0.232,0.0,,,,
1704,04/14/19 10:00:00 AM,0.232,0.0,,,,
1705,04/14/19 01:00:00 PM,0.232,0.0,,,,
1706,04/14/19 04:00:00 PM,0.232,0.0,,,,
1707,04/14/19 07:00:00 PM,0.232,0.0,,,,
1708,04/14/19 10:00:00 PM,0.232,0.0,,,,
1709,04/15/19 01:00:00 AM,0.232,0.0,,,,
1710,04/15/19 04:00:00 AM,0.232,0.0,,,,
1711,04/15/19 07:00:00 AM,0.232,0.0,,,,
1712,04/15/19 10:00:00 AM,0.232,0.0,,,,
1713,04/15/19 01:00:00 PM,0.232,0.0,,,,
1714,04/15/19 04:00:00 PM,0.232,0.0,,,,
1715,04/15/19 07:00:00 PM,0.232,0.0,,,,
1716,04/15/19 10:00:00 PM,0.232,0.0,,,,
1717,04/16/19 01:00:00 AM,0.232,0.0,,,,
1718,04/16/19 04:00:00 AM,0.232,0.0,,,,
1719,04/16/19 07:00:00 AM,0.232,0.0,,,,
1720,04/16/19 10:00:00 AM,0.232,0.0,,,,
1721,04/16/19 01:00:00 PM,0.232,0.0,,,,
1722,04/16/19 04:00:00 PM,0.232,0.0,,,,
1723,04/16/19 07:00:00 PM,0.232,0.0,,,,
1724,04/16/19 10:00:00 PM,0.232,0.0,,,,
1725,04/17/19 01:00:00 AM,0.232,0.0,,,,
1726,04/17/19 04:00:00 AM,0.232,0.0,,,,
1727,04/17/19 07:00:00 AM,0.232,0.0,,,,
1728,04/17/19 10:00:00 AM,0.232,0.0,,,,
1729,04/17/19 01:00:00 PM,0.232,0.0,,,,
1730,04/17/19 04:00:00 PM,0.232,0.0,,,,
1731,04/17/19 07:00:00 PM,0.232,0.0,,,,
1732,04/17/19 10:00:00 PM,0.232,0.0,,,,
1733,04/18/19 01:00:00 AM,0.232,0.0,,,,
1734,04/18/19 04:00:00 AM,0.232,0.0,,,,
1735,04/18/19 07:00:00 AM,0.232,0.0,,,,
1736,04/18/19 10:00:00 AM,0.232,0.0,,,,
1737,04/18/19 01:00:00 PM,0.232,0.0,,,,
1738,04/18/19 04:00:00 PM,0.232,0.0,,,,
1739,04/18/19 07:00:00 PM,0.232,0.0,,,,
1740,04/18/19 10:00:00 PM,0.232,0.0,,,,
1741,04/19/19 01:00:00 AM,0.232,0.0,,,,
1742,04/19/19 04:00:00 AM,0.232,0.0,,,,
1743,04/19/19 07:00:00 AM,0.232,0.0,,,,
1744,04/19/19 10:00:00 AM,0.232,0.0,,,,
1745,04/19/19 01:00:00 PM,0.232,0.0,,,,
1746,04/19/19 04:00:00 PM,0.232,0.0,,,,
1747,04/19/19 07:00:00 PM,0.232,0.0,,,,
1748,04/19/19 10:00:00 PM,0.232,0.0,,,,
1749,04/20/19 01:00:00 AM,0.232,0.0,,,,
1750,04/20/19 04:00:00 AM,0.232,0.0,,,,
1751,04/20/19 07:00:00 AM,0.232,0.0,,,,
1752,04/20/19 10:00:00 AM,0.232,0.0,,,,
1753,04/20/19 01:00:00 PM,0.232,0.0,,,,
1754,04/20/19 04:00:00 PM,0.232,0.0,,,,
1755,04/20/19 07:00:00 PM,0.232,0.0,,,,
1756,04/20/19 10:00:00 PM,0.232,0.0,,,,
1757,04/21/19 01:00:00 AM,0.232,0.0,,,,
1758,04/21/19 04:00:00 AM,0.232,0.0,,,,
1759,04/21/19 07:00:00 AM,0.232,0.0,,,,
1760,04/21/19 10:00:00 AM,0.232,0.0,,,,
1761,04/21/19 01:00:00 PM,0.232,0.0,,,,
1762,04/21/19 04:00:00 PM,0.232,0.0,,,,
1763,04/21/19 07:00:00 PM,0.232,0.0,,,,
1764,04/21/19 10:00:00 PM,0.232,0.0,,,,
1765,04/22/19 01:00:00 AM,0.232,0.0,,,,
1766,04/22/19 04:00:00 AM,0.232,0.0,,,,
1767,04/22/19 07:00:00 AM,0.232,0.0,,,,
1768,04/22/19 10:00:00 AM,0.232,0.0,,,,
1769,04/22/19 01:00:00 PM,0.232,0.0,,,,
1770,04/22/19 04:00:00 PM,0.232,0.0,,,,
1771,04/22/19 07:00:00 PM,0.232,0.0,,,,
1772,04/22/19 10:00:00 PM,0.232,0.0,,,,
1773,04/23/19 01:00:00 AM,0.232,0.0,,,,
1774,04/23/19 04:00:00 AM,0.232,0.0,,,,
1775,04/23/19 07:00:00 AM,0.232,0.0,,,,
1776,04/23/19 10:00:00 AM,0.232,0.0,,,,
1777,04/23/19 01:00:00 PM,0.232,0.0,,,,
1778,04/23/19 04:00:00 PM,0.232,0.0,,,,
1779,04/23/19 07:00:00 PM,0.232,0.0,,,,
1780,04/23/19 10:00:00 PM,0.232,0.0,,,,
1781,04/24/19 01:00:00 AM,0.232,0.0,,,,
1782,04/24/19 04:00:00 AM,0.232,0.0,,,,
1783,04/24/19 07:00:00 AM,0.232,0.0,,,,
1784,04/24/19 10:00:00 AM,0.232,0.0,,,,
1785,04/24/19 01:00:00 PM,0.232,0.0,,,,
1786,04/24/19 04:00:00 PM,0.232,0.0,,,,
1787,04/24/19 07:00:00 PM,0.232,0.0,,,,
1788,04/24/19 10:00:00 PM,0.232,0.0,,,,
1789,04/25/19 01:00:00 AM,0.232,0.0,,,,
1790,04/25/19 04:00:00 AM,0.232,0.0,,,,
1791,04/25/19 07:00:00 AM,0.232,0.0,,,,
1792,04/25/19 10:00:00 AM,0.232,0.0,,,,
1793,04/25/19 01:00:00 PM,0.232,0.0,,,,
1794,04/25/19 04:00:00 PM,0.232,0.0,,,,
1795,04/25/19 07:00:00 PM,0.232,0.0,,,,
1796,04/25/19 10:00:00 PM,0.232,0.0,,,,
1797,04/26/19 01:00:00 AM,0.232,0.0,,,,
1798,04/26/19 04:00:00 AM,0.232,0.0,,,,
1799,04/26/19 07:00:00 AM,0.232,0.0,,,,
1800,04/26/19 10:00:00 AM,0.232,0.0,,,,
1801,04/26/19 01:00:00 PM,0.232,0.0,,,,
1802,04/26/19 04:00:00 PM,0.232,0.0,,,,
1803,04/26/19 07:00:00 PM,0.232,0.0,,,,
1804,04/26/19 10:00:00 PM,0.232,0.0,,,,
1805,04/27/19 01:00:00 AM,0.232,0.0,,,,
1806,04/27/19 04:00:00 AM,0.232,0.0,,,,
1807,04/27/19 07:00:00 AM,0.232,0.0,,,,
1808,04/27/19 10:00:00 AM,0.232,0.0,,,,
1809,04/27/19 01:00:00 PM,0.232,0.0,,,,
1810,04/27/19 04:00:00 PM,0.232,0.0,,,,
1811,04/27/19 07:00:00 PM,0.232,0.0,,,,
1812,04/27/19 10:00:00 PM,0.232,0.0,,,,
1813,04/28/19 01:00:00 AM,0.232,0.0,,,,
1814,04/28/19 04:00:00 AM,0.232,0.0,,,,
1815,04/28/19 07:00:00 AM,0.232,0.0,,,,
1816,04/28/19 10:00:00 AM,0.232,0.0,,,,
1817,04/28/19 01:00:00 PM,0.232,0.0,,,,
1818,04/28/19 04:00:00 PM,0.232,0.0,,,,
1819,04/28/19 07:00:00 PM,0.232,0.0,,,,
1820,04/28/19 10:00:00 PM,0.232,0.0,,,,
1821,04/29/19 01:00:00 AM,0.232,0.0,,,,
1822,04/29/19 04:00:00 AM,0.232,0.0,,,,
1823,04/29/19 07:00:00 AM,0.232,0.0,,,,
1824,04/29/19 10:00:00 AM,0.232,0.0,,,,
1825,04/29/19 01:00:00 PM,0.232,0.0,,,,
1826,04/29/19 04:00:00 PM,0.232,0.0,,,,
1827,04/29/19 07:00:00 PM,0.232,0.0,,,,
1828,04/29/19 10:00:00 PM,0.232,0.0,,,,
1829,04/30/19 01:00:00 AM,0.232,0.0,,,,
1830,04/30/19 04:00:00 AM,0.232,0.0,,,,
1831,04/30/19 07:00:00 AM,0.232,0.0,,,,
1832,04/30/19 10:00:00 AM,0.232,0.0,,,,
1833,04/30/19 01:00:00 PM,0.232,0.0,,,,
1834,04/30/19 04:00:00 PM,0.232,0.0,,,,
1835,04/30/19 07:00:00 PM,0.232,0.0,,,,
1836,04/30/19 10:00:00 PM,0.232,0.0,,,,
1837,05/01/19 01:00:00 AM,0.232,0.0,,,,
1838,05/01/19 04:00:00 AM,0.232,0.0,,,,
1839,05/01/19 07:00:00 AM,0.232,0.0,,,,
1840,05/01/19 10:00:00 AM,0.232,0.0,,,,
1841,05/01/19 01:00:00 PM,0.232,0.0,,,,
1842,05/01/19 04:00:00 PM,0.232,0.0,,,,
1843,05/01/19 07:00:00 PM,0.232,0.0,,,,
1844,05/01/19 10:00:00 PM,0.232,0.0,,,,
1845,05/02/19 01:00:00 AM,0.232,0.0,,,,
1846,05/02/19 04:00:00 AM,0.232,0.0,,,,
1847,05/02/19 07:00:00 AM,0.232,0.0,,,,
1848,05/02/19 10:00:00 AM,0.232,0.0,,,,
1849,05/02/19 01:00:00 PM,0.232,0.0,,,,
1850,05/02/19 04:00:00 PM,0.232,0.0,,,,
1851,05/02/19 07:00:00 PM,0.232,0.0,,,,
1852,05/02/19 10:00:00 PM,0.232,0.0,,,,
1853,05/03/19 01:00:00 AM,0.232,0.0,,,,
1854,05/03/19 04:00:00 AM,0.232,0.0,,,,
1855,05/03/19 07:00:00 AM,0.232,0.0,,,,
1856,05/03/19 10:00:00 AM,0.232,10.8,,,,
1857,05/03/19 01:00:00 PM,0.232,0.0,,,,
1858,05/03/19 04:00:00 PM,0.343,0.0,,,,
1859,05/03/19 07:00:00 PM,0.232,0.0,,,,
1860,05/03/19 10:00:00 PM,0.232,0.0,,,,
1861,05/04/19 01:00:00 AM,0.232,0.0,,,,
1862,05/04/19 04:00:00 AM,0.232,0.0,,,,
1863,05/04/19 07:00:00 AM,0.343,0.0,,,,
1864,05/04/19 10:00:00 AM,0.343,53.8,,,,
1865,05/04/19 01:00:00 PM,0.453,43.1,,,,
1866,05/04/19 04:00:00 PM,0.563,21.5,,,,
1867,05/04/19 07:00:00 PM,0.453,10.8,,,,
1868,05/04/19 10:00:00 PM,0.453,0.0,,,,
1869,05/05/19 01:00:00 AM,0.453,0.0,,,,
1870,05/05/19 04:00:00 AM,0.453,0.0,,,,
1871,05/05/19 07:00:00 AM,0.453,0.0,,,,
1872,05/05/19 10:00:00 AM,0.563,269.1,,,,
1873,05/05/19 01:00:00 PM,1.112,193.8,,,,
1874,05/05/19 04:00:00 PM,1.656,139.9,,,,
1875,05/05/19 07:00:00 PM,2.410,0.0,,,,
1876,05/05/19 10:00:00 PM,1.980,0.0,,,,
1877,05/06/19 01:00:00 AM,1.548,0.0,,,,
1878,05/06/19 04:00:00 AM,1.221,0.0,,,,
1879,05/06/19 07:00:00 AM,1.112,53.8,,,,
1880,05/06/19 10:00:00 AM,3.893,2238.9,,,,
1881,05/06/19 01:00:00 PM,9.373,2066.7,,,,
1882,05/06/19 04:00:00 PM,10.651,1237.9,,,,
1883,05/06/19 07:00:00 PM,8.779,172.2,,,,
1884,05/06/19 10:00:00 PM,5.552,0.0,,,,
1885,05/07/19 01:00:00 AM,4.102,0.0,,,,
1886,05/07/19 04:00:00 AM,3.155,0.0,,,,
1887,05/07/19 07:00:00 AM,2.730,172.2,,,,
1888,05/07/19 10:00:00 AM,6.471,3272.2,,,,
1889,05/07/19 01:00:00 PM,10.357,1377.8,,,,
1890,05/07/19 04:00:00 PM,10.846,549.0,,,,
1891,05/07/19 07:00:00 PM,8.779,32.3,,,,
1892,05/07/19 10:00:00 PM,5.757,0.0,,,,
1893,05/08/19 01:00:00 AM,4.415,0.0,,,,
1894,05/08/19 04:00:00 AM,3.683,0.0,,,,
1895,05/08/19 07:00:00 AM,3.261,279.9,,,,
1896,05/08/19 10:00:00 AM,6.573,1463.9,,,,
1897,05/08/19 01:00:00 PM,10.846,1463.9,,,,
1898,05/08/19 04:00:00 PM,10.161,495.1,,,,
1899,05/08/19 07:00:00 PM,7.782,64.6,,,,
1900,05/08/19 10:00:00 PM,5.757,0.0,,,,
1901,05/09/19 01:00:00 AM,4.934,0.0,,,,
1902,05/09/19 04:00:00 AM,4.415,0.0,,,,
1903,05/09/19 07:00:00 AM,3.893,75.3,,,,
1904,05/09/19 10:00:00 AM,8.282,2411.1,,,,
1905,05/09/19 01:00:00 PM,11.431,1377.8,,,,
1906,05/09/19 04:00:00 PM,11.722,645.8,,,,
1907,05/09/19 07:00:00 PM,8.978,32.3,,,,
1908,05/09/19 10:00:00 PM,6.471,0.0,,,,
1909,05/10/19 01:00:00 AM,5.037,0.0,,,,
1910,05/10/19 04:00:00 AM,4.311,0.0,,,,
1911,05/10/19 07:00:00 AM,3.893,96.9,,,,
1912,05/10/19 10:00:00 AM,9.373,5166.7,,,,
1913,05/10/19 01:00:00 PM,12.980,1270.1,,,,
1914,05/10/19 04:00:00 PM,13.269,505.9,,,,
1915,05/10/19 07:00:00 PM,10.161,32.3,,,,
1916,05/10/19 10:00:00 PM,7.481,0.0,,,,
1917,05/11/19 01:00:00 AM,5.962,0.0,,,,
1918,05/11/19 04:00:00 AM,5.037,0.0,,,,
1919,05/11/19 07:00:00 AM,4.623,86.1,,,,
1920,05/11/19 10:00:00 AM,11.819,9300.1,,,,
1921,05/11/19 01:00:00 PM,14.421,1248.6,,,,
1922,05/11/19 04:00:00 PM,14.421,710.4,,,,
1923,05/11/19 07:00:00 PM,11.528,53.8,,,,
1924,05/11/19 10:00:00 PM,8.182,0.0,,,,
1925,05/12/19 01:00:00 AM,6.471,0.0,,,,
1926,05/12/19 04:00:00 AM,5.450,0.0,,,,
1927,05/12/19 07:00:00 AM,5.141,269.1,,,,
1928,05/12/19 10:00:00 AM,12.207,16533.4,,,,
1929,05/12/19 01:00:00 PM,12.304,914.9,,,,
1930,05/12/19 04:00:00 PM,12.787,484.4,,,,
1931,05/12/19 07:00:00 PM,10.651,172.2,,,,
1932,05/12/19 10:00:00 PM,8.182,0.0,,,,
1933,05/13/19 01:00:00 AM,6.166,0.0,,,,
1934,05/13/19 04:00:00 AM,4.934,0.0,,,,
1935,05/13/19 07:00:00 AM,4.623,236.8,,,,
1936,05/13/19 10:00:00 AM,9.077,3272.2,,,,
1937,05/13/19 01:00:00 PM,11.334,1216.3,,,,
1938,05/13/19 04:00:00 PM,12.207,495.1,,,,
1939,05/13/19 07:00:00 PM,9.768,32.3,,,,
1940,05/13/19 10:00:00 PM,7.381,0.0,,,,
1941,05/14/19 01:00:00 AM,6.166,0.0,,,,
1942,05/14/19 04:00:00 AM,5.757,0.0,,,,
1943,05/14/19 07:00:00 AM,5.860,129.2,,,,
1944,05/14/19 10:00:00 AM,6.978,473.6,,,,
1945,05/14/19 01:00:00 PM,7.983,1044.1,,,,
1946,05/14/19 04:00:00 PM,9.077,1550.0,,,,
1947,05/14/19 07:00:00 PM,8.282,301.4,,,,
1948,05/14/19 10:00:00 PM,7.280,0.0,,,,
1949,05/15/19 01:00:00 AM,6.370,0.0,,,,
1950,05/15/19 04:00:00 AM,5.037,0.0,,,,
1951,05/15/19 07:00:00 AM,4.207,129.2,,,,
1952,05/15/19 10:00:00 AM,8.581,2238.9,,,,
1953,05/15/19 01:00:00 PM,8.082,409.0,,,,
1954,05/15/19 04:00:00 PM,7.983,409.0,,,,
1955,05/15/19 07:00:00 PM,7.582,96.9,,,,
1956,05/15/19 10:00:00 PM,6.471,0.0,,,,
1957,05/16/19 01:00:00 AM,5.655,0.0,,,,
1958,05/16/19 04:00:00 AM,5.141,0.0,,,,
1959,05/16/19 07:00:00 AM,5.347,290.6,,,,
1960,05/16/19 10:00:00 AM,6.775,301.4,,,,
1961,05/16/19 01:00:00 PM,8.282,1463.9,,,,
1962,05/16/19 04:00:00 PM,8.779,699.7,,,,
1963,05/16/19 07:00:00 PM,7.983,107.6,,,,
1964,05/16/19 10:00:00 PM,7.682,0.0,,,,
1965,05/17/19 01:00:00 AM,7.481,0.0,,,,
1966,05/17/19 04:00:00 AM,6.978,0.0,,,,
1967,05/17/19 07:00:00 AM,6.775,53.8,,,,
1968,05/17/19 10:00:00 AM,7.079,602.8,,,,
1969,05/17/19 01:00:00 PM,7.280,1205.6,,,,
1970,05/17/19 04:00:00 PM,7.983,764.2,,,,
1971,05/17/19 07:00:00 PM,6.978,139.9,,,,
1972,05/17/19 10:00:00 PM,6.370,0.0,,,,
1973,05/18/19 01:00:00 AM,5.962,0.0,,,,
1974,05/18/19 04:00:00 AM,5.552,0.0,,,,
1975,05/18/19 07:00:00 AM,5.037,818.1,,,,
1976,05/18/19 10:00:00 AM,9.571,34444.7,,,,
1977,05/18/19 01:00:00 PM,10.455,1248.6,,,,
1978,05/18/19 04:00:00 PM,10.553,473.6,,,,
1979,05/18/19 07:00:00 PM,9.275,139.9,,,,
1980,05/18/19 10:00:00 PM,7.782,0.0,,,,
1981,05/19/19 01:00:00 AM,6.775,0.0,,,,
1982,05/19/19 04:00:00 AM,6.370,0.0,,,,
1983,05/19/19 07:00:00 AM,6.268,279.9,,,,
1984,05/19/19 10:00:00 AM,7.381,602.8,,,,
1985,05/19/19 01:00:00 PM,8.879,1377.8,,,,
1986,05/19/19 04:00:00 PM,10.063,1237.9,,,,
1987,05/19/19 07:00:00 PM,9.077,86.1,,,,
1988,05/19/19 10:00:00 PM,7.882,0.0,,,,
1989,05/20/19 01:00:00 AM,7.280,0.0,,,,
1990,05/20/19 04:00:00 AM,6.877,0.0,,,,
1991,05/20/19 07:00:00 AM,6.471,107.6,,,,
1992,05/20/19 10:00:00 AM,7.782,592.0,,,,
1993,05/20/19 01:00:00 PM,8.680,904.2,,,,
1994,05/20/19 04:00:00 PM,8.082,322.9,,,,
1995,05/20/19 07:00:00 PM,6.166,21.5,,,,
1996,05/20/19 10:00:00 PM,5.244,0.0,,,,
1997,05/21/19 01:00:00 AM,4.934,0.0,,,,
1998,05/21/19 04:00:00 AM,4.415,0.0,,,,
1999,05/21/19 07:00:00 AM,4.311,258.3,,,,
2000,05/21/19 10:00:00 AM,5.860,990.3,,,,
2001,05/21/19 01:00:00 PM,8.581,1980.6,,,,
2002,05/21/19 04:00:00 PM,8.082,462.9,,,,
2003,05/21/19 07:00:00 PM,7.882,193.8,,,,
2004,05/21/19 10:00:00 PM,6.775,0.0,,,,
2005,05/22/19 01:00:00 AM,5.244,0.0,,,,
2006,05/22/19 04:00:00 AM,4.102,0.0,,,,
2007,05/22/19 07:00:00 AM,3.683,139.9,,,,
2008,05/22/19 10:00:00 AM,8.779,3616.7,,,,
2009,05/22/19 01:00:00 PM,8.978,355.2,,,,
2010,05/22/19 04:00:00 PM,9.768,473.6,,,,
2011,05/22/19 07:00:00 PM,9.077,161.5,,,,
2012,05/22/19 10:00:00 PM,7.381,0.0,,,,
2013,05/23/19 01:00:00 AM,6.166,0.0,,,,
2014,05/23/19 04:00:00 AM,5.141,0.0,,,,
2015,05/23/19 07:00:00 AM,4.623,86.1,,,,
2016,05/23/19 10:00:00 AM,15.569,1808.3,,,,
2017,05/23/19 01:00:00 PM,12.207,1194.8,,,,
2018,05/23/19 04:00:00 PM,12.787,430.6,,,,
2019,05/23/19 07:00:00 PM,10.846,21.5,,,,
2020,05/23/19 10:00:00 PM,9.077,0.0,,,,
2021,05/24/19 01:00:00 AM,8.182,0.0,,,,
2022,05/24/19 04:00:00 AM,8.282,0.0,,,,
2023,05/24/19 07:00:00 AM,7.983,75.3,,,,
2024,05/24/19 10:00:00 AM,7.481,269.1,,,,
2025,05/24/19 01:00:00 PM,8.779,1194.8,,,,
2026,05/24/19 04:00:00 PM,9.571,699.7,,,,
2027,05/24/19 07:00:00 PM,8.082,53.8,,,,
2028,05/24/19 10:00:00 PM,7.079,0.0,,,,
2029,05/25/19 01:00:00 AM,6.573,0.0,,,,
2030,05/25/19 04:00:00 AM,6.064,0.0,,,,
2031,05/25/19 07:00:00 AM,5.962,129.2,,,,
2032,05/25/19 10:00:00 AM,6.877,236.8,,,,
2033,05/25/19 01:00:00 PM,6.775,139.9,,,,
2034,05/25/19 04:00:00 PM,7.280,538.2,,,,
2035,05/25/19 07:00:00 PM,6.978,290.6,,,,
2036,05/25/19 10:00:00 PM,6.166,0.0,,,,
2037,05/26/19 01:00:00 AM,5.860,0.0,,,,
2038,05/26/19 04:00:00 AM,5.757,0.0,,,,
2039,05/26/19 07:00:00 AM,5.860,204.5,,,,
2040,05/26/19 10:00:00 AM,8.282,1722.2,,,,
2041,05/26/19 01:00:00 PM,9.077,688.9,,,,
2042,05/26/19 04:00:00 PM,10.455,990.3,,,,
2043,05/26/19 07:00:00 PM,9.373,366.0,,,,
2044,05/26/19 10:00:00 PM,8.182,0.0,,,,
2045,05/27/19 01:00:00 AM,7.079,0.0,,,,
2046,05/27/19 04:00:00 AM,6.471,0.0,,,,
2047,05/27/19 07:00:00 AM,6.775,462.9,,,,
2048,05/27/19 10:00:00 AM,10.161,1894.5,,,,
2049,05/27/19 01:00:00 PM,11.236,462.9,,,,
2050,05/27/19 04:00:00 PM,12.497,731.9,,,,
2051,05/27/19 07:00:00 PM,10.651,96.9,,,,
2052,05/27/19 10:00:00 PM,9.176,0.0,,,,
2053,05/28/19 01:00:00 AM,8.481,0.0,,,,
2054,05/28/19 04:00:00 AM,8.282,0.0,,,,
2055,05/28/19 07:00:00 AM,7.983,118.4,,,,
2056,05/28/19 10:00:00 AM,10.161,1377.8,,,,
2057,05/28/19 01:00:00 PM,12.497,1087.2,,,,
2058,05/28/19 04:00:00 PM,12.883,527.4,,,,
2059,05/28/19 07:00:00 PM,11.041,215.3,,,,
2060,05/28/19 10:00:00 PM,9.669,0.0,,,,
2061,05/29/19 01:00:00 AM,9.176,0.0,,,,
2062,05/29/19 04:00:00 AM,8.680,0.0,,,,
2063,05/29/19 07:00:00 AM,8.481,150.7,,,,
2064,05/29/19 10:00:00 AM,13.654,3272.2,,,,
2065,05/29/19 01:00:00 PM,14.421,1270.1,,,,
2066,05/29/19 04:00:00 PM,12.110,236.8,,,,
2067,05/29/19 07:00:00 PM,10.944,290.6,,,,
2068,05/29/19 10:00:00 PM,9.965,0.0,,,,
2069,05/30/19 01:00:00 AM,9.275,0.0,,,,
2070,05/30/19 04:00:00 AM,8.581,0.0,,,,
2071,05/30/19 07:00:00 AM,8.382,667.4,,,,
2072,05/30/19 10:00:00 AM,14.230,4133.4,,,,
2073,05/30/19 01:00:00 PM,15.569,958.0,,,,
2074,05/30/19 04:00:00 PM,14.421,366.0,,,,
2075,05/30/19 07:00:00 PM,12.013,161.5,,,,
2076,05/30/19 10:00:00 PM,11.139,0.0,,,,
2077,05/31/19 01:00:00 AM,9.571,0.0,,,,
2078,05/31/19 04:00:00 AM,8.481,0.0,,,,
2079,05/31/19 07:00:00 AM,7.983,139.9,,,,
2080,05/31/19 10:00:00 AM,14.421,4133.4,,,,
2081,05/31/19 01:00:00 PM,16.903,1248.6,,,,
2082,05/31/19 04:00:00 PM,15.664,409.0,,,,
2083,05/31/19 07:00:00 PM,12.883,32.3,,,,
2084,05/31/19 10:00:00 PM,11.334,0.0,,,,
2085,06/01/19 01:00:00 AM,9.472,0.0,,,,
2086,06/01/19 04:00:00 AM,8.182,0.0,,,,
2087,06/01/19 07:00:00 AM,7.582,118.4,,,,
2088,06/01/19 10:00:00 AM,14.421,3616.7,,,,
2089,06/01/19 01:00:00 PM,16.332,1076.4,,,,
2090,06/01/19 04:00:00 PM,16.618,484.4,,,,
2091,06/01/19 07:00:00 PM,13.750,107.6,,,,
2092,06/01/19 10:00:00 PM,12.013,0.0,,,,
2093,06/02/19 01:00:00 AM,10.553,0.0,,,,
2094,06/02/19 04:00:00 AM,9.275,0.0,,,,
2095,06/02/19 07:00:00 AM,8.182,161.5,,,,
2096,06/02/19 10:00:00 AM,14.613,1894.5,,,,
2097,06/02/19 01:00:00 PM,16.618,1076.4,,,,
2098,06/02/19 04:00:00 PM,16.808,505.9,,,,
2099,06/02/19 07:00:00 PM,14.421,161.5,,,,
2100,06/02/19 10:00:00 PM,12.594,0.0,,,,
2101,06/03/19 01:00:00 AM,10.553,0.0,,,,
2102,06/03/19 04:00:00 AM,9.077,0.0,,,,
2103,06/03/19 07:00:00 AM,7.983,226.0,,,,
2104,06/03/19 10:00:00 AM,11.236,1808.3,,,,
2105,06/03/19 01:00:00 PM,13.461,1022.6,,,,
2106,06/03/19 04:00:00 PM,14.038,473.6,,,,
2107,06/03/19 07:00:00 PM,11.722,21.5,,,,
2108,06/03/19 10:00:00 PM,10.161,0.0,,,,
2109,06/04/19 01:00:00 AM,9.472,0.0,,,,
2110,06/04/19 04:00:00 AM,8.779,0.0,,,,
2111,06/04/19 07:00:00 AM,8.581,344.4,,,,
2112,06/04/19 10:00:00 AM,13.076,1377.8,,,,
2113,06/04/19 01:00:00 PM,14.230,1033.3,,,,
2114,06/04/19 04:00:00 PM,14.421,505.9,,,,
2115,06/04/19 07:00:00 PM,11.819,43.1,,,,
2116,06/04/19 10:00:00 PM,10.357,0.0,,,,
2117,06/05/19 01:00:00 AM,8.282,0.0,,,,
2118,06/05/19 04:00:00 AM,7.179,0.0,,,,
2119,06/05/19 07:00:00 AM,7.983,322.9,,,,
2120,06/05/19 10:00:00 AM,9.077,1076.4,,,,
2121,06/05/19 01:00:00 PM,11.041,1076.4,,,,
2122,06/05/19 04:00:00 PM,10.748,958.0,,,,
2123,06/05/19 07:00:00 PM,9.669,139.9,,,,
2124,06/05/19 10:00:00 PM,9.176,0.0,,,,
2125,06/06/19 01:00:00 AM,8.680,0.0,,,,
2126,06/06/19 04:00:00 AM,7.582,0.0,,,,
2127,06/06/19 07:00:00 AM,6.775,387.5,,,,
2128,06/06/19 10:00:00 AM,7.280,1280.9,,,,
2129,06/06/19 01:00:00 PM,8.082,1162.5,,,,
2130,06/06/19 04:00:00 PM,8.282,398.3,,,,
2131,06/06/19 07:00:00 PM,7.582,96.9,,,,
2132,06/06/19 10:00:00 PM,6.370,0.0,,,,
2133,06/07/19 01:00:00 AM,5.757,0.0,,,,
2134,06/07/19 04:00:00 AM,5.450,0.0,,,,
2135,06/07/19 07:00:00 AM,5.244,269.1,,,,
2136,06/07/19 10:00:00 AM,6.573,1722.2,,,,
2137,06/07/19 01:00:00 PM,7.280,2325.0,,,,
2138,06/07/19 04:00:00 PM,6.877,1044.1,,,,
2139,06/07/19 07:00:00 PM,5.860,258.3,,,,
2140,06/07/19 10:00:00 PM,5.244,0.0,,,,
2141,06/08/19 01:00:00 AM,5.037,0.0,,,,
2142,06/08/19 04:00:00 AM,4.934,0.0,,,,
2143,06/08/19 07:00:00 AM,4.934,473.6,,,,
2144,06/08/19 10:00:00 AM,9.768,2411.1,,,,
2145,06/08/19 01:00:00 PM,9.373,2238.9,,,,
2146,06/08/19 04:00:00 PM,9.373,1097.9,,,,
2147,06/08/19 07:00:00 PM,8.182,43.1,,,,
2148,06/08/19 10:00:00 PM,6.877,0.0,,,,
2149,06/09/19 01:00:00 AM,5.655,0.0,,,,
2150,06/09/19 04:00:00 AM,4.311,0.0,,,,
2151,06/09/19 07:00:00 AM,3.788,258.3,,,,
2152,06/09/19 10:00:00 AM,10.651,2497.2,,,,
2153,06/09/19 01:00:00 PM,12.207,1141.0,,,,
2154,06/09/19 04:00:00 PM,13.076,990.3,,,,
2155,06/09/19 07:00:00 PM,11.041,150.7,,,,
2156,06/09/19 10:00:00 PM,9.965,0.0,,,,
2157,06/10/19 01:00:00 AM,8.779,0.0,,,,
2158,06/10/19 04:00:00 AM,7.381,0.0,,,,
2159,06/10/19 07:00:00 AM,7.079,322.9,,,,
2160,06/10/19 10:00:00 AM,13.654,1722.2,,,,
2161,06/10/19 01:00:00 PM,15.473,947.2,,,,
2162,06/10/19 04:00:00 PM,15.282,409.0,,,,
2163,06/10/19 07:00:00 PM,14.134,53.8,,,,
2164,06/10/19 10:00:00 PM,12.497,0.0,,,,
2165,06/11/19 01:00:00 AM,11.041,0.0,,,,
2166,06/11/19 04:00:00 AM,9.866,0.0,,,,
2167,06/11/19 07:00:00 AM,9.373,183.0,,,,
2168,06/11/19 10:00:00 AM,16.427,1463.9,,,,
2169,06/11/19 01:00:00 PM,18.616,990.3,,,,
2170,06/11/19 04:00:00 PM,18.806,473.6,,,,
2171,06/11/19 07:00:00 PM,15.664,21.5,,,,
2172,06/11/19 10:00:00 PM,14.134,0.0,,,,
2173,06/12/19 01:00:00 AM,12.497,0.0,,,,
2174,06/12/19 04:00:00 AM,11.431,0.0,,,,
2175,06/12/19 07:00:00 AM,10.846,236.8,,,,
2176,06/12/19 10:00:00 AM,17.665,1463.9,,,,
2177,06/12/19 01:00:00 PM,19.758,1237.9,,,,
2178,06/12/19 04:00:00 PM,18.901,688.9,,,,
2179,06/12/19 07:00:00 PM,16.332,75.3,,,,
2180,06/12/19 10:00:00 PM,14.996,0.0,,,,
2181,06/13/19 01:00:00 AM,13.173,0.0,,,,
2182,06/13/19 04:00:00 AM,12.110,0.0,,,,
2183,06/13/19 07:00:00 AM,11.528,247.6,,,,
2184,06/13/19 10:00:00 AM,18.045,1722.2,,,,
2185,06/13/19 01:00:00 PM,19.282,1001.0,,,,
2186,06/13/19 04:00:00 PM,19.187,538.2,,,,
2187,06/13/19 07:00:00 PM,16.141,172.2,,,,
2188,06/13/19 10:00:00 PM,13.846,0.0,,,,
2189,06/14/19 01:00:00 AM,11.236,0.0,,,,
2190,06/14/19 04:00:00 AM,10.161,0.0,,,,
2191,06/14/19 07:00:00 AM,9.669,204.5,,,,
2192,06/14/19 10:00:00 AM,12.304,2152.8,,,,
2193,06/14/19 01:00:00 PM,14.038,1173.3,,,,
2194,06/14/19 04:00:00 PM,14.517,559.7,,,,
2195,06/14/19 07:00:00 PM,12.594,32.3,,,,
2196,06/14/19 10:00:00 PM,11.528,0.0,,,,
2197,06/15/19 01:00:00 AM,10.553,0.0,,,,
2198,06/15/19 04:00:00 AM,9.965,0.0,,,,
2199,06/15/19 07:00:00 AM,9.472,602.8,,,,
2200,06/15/19 10:00:00 AM,14.709,1722.2,,,,
2201,06/15/19 01:00:00 PM,16.808,1087.2,,,,
2202,06/15/19 04:00:00 PM,17.379,549.0,,,,
2203,06/15/19 07:00:00 PM,14.804,32.3,,,,
2204,06/15/19 10:00:00 PM,12.594,0.0,,,,
2205,06/16/19 01:00:00 AM,11.236,0.0,,,,
2206,06/16/19 04:00:00 AM,9.669,0.0,,,,
2207,06/16/19 07:00:00 AM,8.481,247.6,,,,
2208,06/16/19 10:00:00 AM,14.900,1808.3,,,,
2209,06/16/19 01:00:00 PM,16.999,1205.6,,,,
2210,06/16/19 04:00:00 PM,17.570,570.5,,,,
2211,06/16/19 07:00:00 PM,15.282,172.2,,,,
2212,06/16/19 10:00:00 PM,12.883,0.0,,,,
2213,06/17/19 01:00:00 AM,11.625,0.0,,,,
2214,06/17/19 04:00:00 AM,11.139,0.0,,,,
2215,06/17/19 07:00:00 AM,11.139,322.9,,,,
2216,06/17/19 10:00:00 AM,15.951,1722.2,,,,
2217,06/17/19 01:00:00 PM,17.570,1151.7,,,,
2218,06/17/19 04:00:00 PM,17.475,656.6,,,,
2219,06/17/19 07:00:00 PM,15.569,150.7,,,,
2220,06/17/19 10:00:00 PM,14.134,0.0,,,,
2221,06/18/19 01:00:00 AM,13.076,0.0,,,,
2222,06/18/19 04:00:00 AM,12.013,0.0,,,,
2223,06/18/19 07:00:00 AM,11.334,333.7,,,,
2224,06/18/19 10:00:00 AM,11.528,387.5,,,,
2225,06/18/19 01:00:00 PM,13.461,1216.3,,,,
2226,06/18/19 04:00:00 PM,14.709,818.1,,,,
2227,06/18/19 07:00:00 PM,13.558,279.9,,,,
2228,06/18/19 10:00:00 PM,11.528,0.0,,,,
2229,06/19/19 01:00:00 AM,9.768,0.0,,,,
2230,06/19/19 04:00:00 AM,8.481,0.0,,,,
2231,06/19/19 07:00:00 AM,7.782,86.1,,,,
2232,06/19/19 10:00:00 AM,7.782,344.4,,,,
2233,06/19/19 01:00:00 PM,9.866,1808.3,,,,
2234,06/19/19 01:23:55 PM,,,Logged,,,
2235,06/19/19 01:24:39 PM,,,,Logged,,
2236,06/19/19 01:27:46 PM,,,,,Logged,Logged
